0,1,2,3,4,5,6,7,8,9,10,11,12,13,14,15,16,17,18,19,cluster
0.8376040424394118,0.5975490958776051,0.4433605629461666,0.1709511419929767,0.5460802364610432,0.3316462112397786,0.9931526447292504,0.4090806056736649,0.8552252715730962,0.4354194346820459,0.1193735417934964,0.669040404029676,0.6279463473931847,0.4749092168374524,0.6606935592737609,0.5570482039494437,0.4822216951168137,0.6078058610532289,0.1823871251109368,0.2096209537336253,4
0.5435599674210012,0.177574448878609,0.3338280800834602,0.4532295860125244,0.8884312914796962,0.9244618864592176,0.2779645128329108,0.2614615194186993,0.6284541918421154,0.1040973186379802,0.5501635644895193,0.2127693355961369,0.176881777485606,0.905528578958966,0.8187542773273652,0.7001392690237792,0.3242851020578298,0.1863414394472972,0.8068368746159692,0.7863350779310152,2
0.7908171047337171,0.4634673907985364,0.4821022378026385,0.1541204184781519,0.5141230813841996,0.3063704130449533,0.7377322387403481,0.3595300690206326,0.9052860503170286,0.497778774165918,0.2141014585426756,0.639556527053818,0.7723144018319649,0.4610184170824535,0.7289360527975987,0.429383525358207,0.534606444332834,0.6034526094151564,0.1397887841233171,0.2810333366929856,4
0.1342308302014111,0.545411047893814,0.1387364124653563,0.911176040028173,0.4446756243237527,0.7627127944505853,0.3502823455634147,0.2359508605171241,0.5600048131940387,0.263173239259637,0.8671460428780651,0.6465082512341613,0.8640445585711803,0.7576296094594923,0.4207263206601835,0.9036632110628378,0.1622050057968195,0.3629399889636628,0.2756677722614762,0.5332548225137828,0
0.1841237968234579,0.5175583098595992,0.1346052097921621,0.9076805857334423,0.2012094439430821,0.6761528630187267,0.4196986211085716,0.0835217599751673,0.5072126489524887,0.1574473862998882,0.8710714512952823,0.7322298947511731,0.9040431386404032,0.8381761640047493,0.4722893588660068,0.7740706997876597,0.043454873617871,0.2444501929466225,0.1667426695087972,0.5792160104261203,0
0.7753278108317465,0.656611160235065,0.3789956851696027,0.1190758856203273,0.5422148138095092,0.3058915027566557,0.8822250076371514,0.3569048617004172,0.8437624915742653,0.4815643946761001,0.1582741905633549,0.6014235751840827,0.6666259191998865,0.4538619537436526,0.7364055141939362,0.4057556888518534,0.5459125043828786,0.691224626012019,0.1774300999383216,0.4141779828077382,4
0.2480976179471798,0.8674914152426952,0.7980590664105874,0.6596959068341242,0.1360750867613484,0.1644077062874248,0.1271798449795163,0.7732925622992268,0.5721994784575569,0.6312039269603302,0.067697697745594,0.9000678277621749,0.8111339611791536,0.1072207532852499,0.1243760765182588,0.0739112865246081,0.3395200091971456,0.810767402842286,0.7357423834897948,0.4383834490941013,1
0.3229115800354951,0.8200565529592421,0.8208473814421704,0.696560825169611,0.2173287926092666,0.1478910696998145,0.1800907956150019,0.8478704704073897,0.5702157773483787,0.6563421332942888,0.1517098080620612,0.8951659077836686,0.7827988697671142,0.1724943655497546,0.0,0.1791548097918791,0.3210846344342257,0.6817627179563351,0.632893832832671,0.6568359419627882,1
0.3746224243500929,0.2849050736410916,0.8345134747806421,0.4665889849640536,0.3227008247602135,0.6056286454296077,0.2944378932882647,0.6048998864965219,0.0858540302749345,0.9106997765581836,0.6770157226752089,0.1370472394000473,0.1556048711784889,0.7416411209742819,0.5278383978947938,0.7609932128630957,0.8083800836337531,0.1317269353216065,0.5460536749212082,0.2909049584442963,5
0.4320761756852013,0.2862985468111309,0.8585362125757723,0.4072343047806505,0.5946560840766256,0.5490556345943325,0.2863045871753384,0.6516462806377928,0.14728445835859,0.8414635510146925,0.718474933701706,0.2099746861395335,0.0857665176425376,0.6679990835428685,0.5542937890989973,0.6183348475221078,0.8673058555747527,0.0590625799785083,0.5124493964672076,0.2913150386578818,3
0.364797523151758,0.8937922139700206,0.7838695958849903,0.6753815716199827,0.1619458503233334,0.198563859112079,0.1590758431108037,0.7513948124581569,0.6142544621435296,0.6600146811148961,0.1067932500744882,0.8803242940255871,0.8394463574215575,0.1714066096790733,0.1647691287824254,0.1263682572078082,0.3080818906771901,0.8821113789793196,0.6474632038452245,0.6615408148481516,1
0.3798641813418287,0.8220227244259924,0.7599576261832762,0.651068757143203,0.2360634307575093,0.1917758772009054,0.2748082142753074,0.6368077176599155,0.688807444233104,0.6519608582108778,0.0744379579697615,0.810220404858538,0.7673494309764481,0.1634300817574321,0.1180030726187051,0.2234772795079641,0.2802619824151096,0.809576930458424,0.5429400722137772,0.5627976866325323,1
0.1488920110405356,0.5104935418926742,0.1540206158744898,0.8857702796060554,0.3165261284365587,0.7406848926634542,0.5006873334861193,0.2883391634703903,0.6201025995276215,0.2296784186024714,0.8527555859470441,0.6571845641890428,0.8590163858770844,0.8141550968225272,0.5246244757829341,0.8612964068806861,0.1170023180898871,0.2842185714731858,0.2583249424748375,0.5989419189049385,0
0.8636019312496404,0.477747079587026,0.4720261170761934,0.1358055035494568,0.4018209923113116,0.2879132149646903,0.946728399430526,0.4519351611442607,0.9369668263020376,0.4328153723959854,0.19695109260372,0.6507738408319511,0.7469795315247402,0.5337862794648772,0.6403016441763821,0.4421915898701298,0.5457481892572532,0.6689010853901827,0.2285894449987254,0.0812562805913846,4
0.7640987788599207,0.5596466373877039,0.3292141557128467,0.0779638226823719,0.4556810084965775,0.3611719055150625,0.9056392689659664,0.3577360098019865,0.7732346762769924,0.5169007514465253,0.1797982270217469,0.5818157993542733,0.7299167951679871,0.4908049163683783,0.6600728128241403,0.4540696453649079,0.519352377891412,0.7264342191998923,0.1483495463557171,0.175999312561739,4
0.4147775772894318,0.3644304003814791,0.9160177697066904,0.3942995331886958,0.4695168420305592,0.5558009283435796,0.2095754151437684,0.6270185914844978,0.091662692551895,0.8929603585618131,0.673505110314758,0.2210798022269072,0.1516915748721649,0.7363613703441306,0.6147202511715643,0.6506328202203024,0.8461448963480201,0.2406283404101795,0.4983717941027623,0.1204040002384903,5
0.3422713897423369,0.912852278158786,0.7499843227885603,0.6991861960109822,0.2933339731818606,0.1319997071361165,0.2862640843198475,0.7134334982024415,0.6442606461775597,0.6580816994758462,0.161505908667704,0.9435629824287796,0.7768125530732845,0.0842413685976172,0.1444495659730914,0.1123266137498265,0.4567449829156688,0.8260598421786297,0.5821236769374721,0.5512615220549066,1
0.1114469334232291,0.5598638557515587,0.1138517657060547,0.9514240829135648,0.3863484533144813,0.7503446942115325,0.4923571174668196,0.2498135583763001,0.4556165918645262,0.2343411201980787,0.9220236960331416,0.7151595591999034,0.8804632446567345,0.7315213829742915,0.4769003382927306,0.8917971118894555,0.1587756812635452,0.424633598092414,0.2095207305257382,0.6297818772050714,0
0.5645847689017208,0.1123169199035878,0.3281471132949046,0.4565567050098402,0.7401263452874993,0.8247881383672976,0.2970380533452575,0.244491222160203,0.6261962940237303,0.0029033540167873,0.6247869447110945,0.2016145534474993,0.1245812559613049,0.8260201975104783,0.8350470326906125,0.7153865216701852,0.3630328997347068,0.057331508247913,0.8046337779414855,0.9073365419664862,2
0.4049866804626247,0.2206570561965295,0.7815368790106451,0.3613826386556443,0.600360742747301,0.6034222198576491,0.2911338048341792,0.7095311311401515,0.1013139294450207,0.9223301492322376,0.684632060694997,0.2268771396346563,0.1377311651707629,0.6413552858723023,0.5779669270874261,0.5955307060239549,0.8967698830933186,0.1549124759500048,0.4127703377885964,0.2664214422682169,3
0.7949752044482762,0.5455164640001958,0.3794668952601152,0.1169214862443012,0.5460192978521474,0.3850108325744804,0.8713915625876496,0.4405776837978697,0.8754756801584934,0.4987252419124124,0.1808694080089009,0.6284251781971112,0.7032451319206359,0.4687558461164691,0.6383972234877726,0.4072852223351447,0.6133439362923778,0.5945597422331167,0.1792760126716554,0.3127144453971661,4
0.4341480578934048,0.9337441671026138,0.8287995324866829,0.5977145282664778,0.2749115345002947,0.1628851237633575,0.1240685240766199,0.7920726551941563,0.5557848203034752,0.6918860766925694,0.0881739656400529,0.8793630812264245,0.7860255610862228,0.1023023876750071,0.1557286341097395,0.1230994636711064,0.393342359571262,0.7126892311560091,0.60857579898701,0.7044161824759176,1
0.2887658011945587,0.2234367186269282,0.8822656336335168,0.4121570923592683,0.3896687841911534,0.5986166730524104,0.2309184787365176,0.6404008093906731,0.1757073904744495,0.905019442373994,0.6757907189253242,0.1129489458329321,0.102636822554058,0.7390307702674899,0.589590778329414,0.7306498374583947,0.8571449367667633,0.1938046348022741,0.4641419429798812,0.3348647872733968,5
0.3748297691303272,0.9289669338619312,0.764249022192471,0.7423786536604748,0.289082376606537,0.1092307334815583,0.1170054231509043,0.7954806959267886,0.6030271280973747,0.676972664560003,0.1294088746095139,0.8658403981877415,0.7430580355493708,0.0430561646906469,0.1031537828273948,0.188949565296673,0.362311704664868,0.7237460030221246,0.6140359442858961,0.5681122248473421,1
0.8445661401622389,0.5839804961358884,0.3404804660363558,0.133308112983096,0.6743850831912164,0.3209954790055001,0.8194545706805478,0.3981918651071093,0.8420735399901808,0.406721765942069,0.1955631990475279,0.5977871498755677,0.6955868287829801,0.4861181265752827,0.6069081924960268,0.3640328840149802,0.6105376922292441,0.5332520646256299,0.1463547735370924,0.0690851170014169,4
0.4981974845033304,0.1369174577367864,0.3506548433809184,0.3760794983273285,0.9285497300199133,0.912016671052915,0.3070353461577187,0.0869429093913687,0.5748865462539999,0.1019832925749496,0.5568256128359594,0.1065117605314141,0.1389198387531125,0.8542404912640505,0.8240937201598366,0.7656341511142264,0.3724369122040165,0.1334410831979126,0.9220440391770872,0.7122768870328227,2
0.7815109976123457,0.6216367582741716,0.3690060562210185,0.130350037879461,0.498667418110635,0.2717990315859052,0.8863383310474396,0.5038734285925444,0.920221133122478,0.4694199280719046,0.2345754877718301,0.5849400894494665,0.7095746687115574,0.498025361951519,0.6690009518594122,0.4397793235320333,0.5175155716211343,0.5255558666975181,0.2370115478882279,0.2457776854064719,4
0.7764041284705486,0.5601691006483472,0.4317295261521942,0.078896185201645,0.7263325590908031,0.3438036055287372,0.8909205898009953,0.3524544361450164,0.8967825864534669,0.4162681941291682,0.2739862105747312,0.6934050784065512,0.7594551369415181,0.4084002776184147,0.6834832373906539,0.5066209320685529,0.6106290211166792,0.5968379608231885,0.1597687041518078,0.1944244008186997,4
0.3184711967404149,0.3097248896332927,0.9471571952401614,0.3998070408018226,0.4035311677542548,0.5988877634513925,0.2834671519468873,0.6673325321685907,0.139535927472489,0.8592011365445386,0.7542136208504875,0.1892169453636933,0.0787387697710083,0.6881127159537578,0.6006710656483499,0.7136614878609729,0.8407700633976037,0.1216529147174136,0.540352899641412,0.2110699531316943,5
0.3558223728406874,0.8739967631212969,0.697071505688534,0.6337538448713179,0.1276547266795341,0.0854331968613414,0.0956734374475867,0.8426278940499697,0.5822557365780303,0.7075155821080606,0.0887726277788769,0.7911305807384897,0.7327385003216687,0.1845963325070602,0.1179039063324214,0.1202221715674857,0.3570490724444526,0.8518623216310849,0.6631601623338422,0.6566159930875667,1
0.5948062668695763,0.0735862089331211,0.340802177285899,0.3634768504467706,0.7528736267034205,0.840806578932772,0.3742160988828698,0.2446041610704185,0.6168220422844443,0.0820014850412757,0.5471612083578516,0.2150601225752748,0.1409129504208799,0.9590398681134196,0.8440670882812109,0.7560390484496988,0.4053709275297951,0.291603375661309,0.8509512487008813,0.7565822406437632,2
0.1062909432007348,0.4076293589456621,0.1870345330391629,0.9265959592508944,0.3614187396993675,0.7536458290837912,0.4398740392367914,0.2065122443484366,0.5801927116305112,0.205444030460016,0.8605142711286883,0.6965813743268053,0.8404788363846246,0.8490433427211616,0.6001424280944004,0.8285472205301403,0.0408606749403936,0.2010728665155168,0.2057789047194515,0.5393269876669682,0
0.3704538118222714,0.2483467228677186,0.835105803482684,0.4930412458413897,0.3642084928422157,0.5928515221659043,0.3009312677511448,0.7154949473131136,0.1259306503759883,0.8575794839126062,0.7342647345549658,0.1754840107593032,0.1114619646540605,0.6612602303570886,0.5929698610199119,0.6252288015839446,0.8043760008800261,0.16408675529801,0.5481532333139151,0.3859603545930327,5
0.3738009724409882,0.1822597600464803,0.9606384627321484,0.3548830771212371,0.6224314174011787,0.5824418114247832,0.2897379147564666,0.6232452853202168,0.1367118152676239,0.8918633261391801,0.7398045999132082,0.1934576831380605,0.1036447002763765,0.7085560816469154,0.5414038954979908,0.7013009368593667,0.8928442750376295,0.2772935514681499,0.5428287931548628,0.1743328458937402,3
0.3679658239776586,0.928958187328494,0.7165111749731334,0.6492611738076318,0.1683003853317878,0.2513676331090782,0.2802526842040366,0.6948913093901284,0.5872149062619373,0.6833974315593214,0.0946756723882542,0.8678813550348506,0.7811504984110517,0.023230984768677,0.120518237755054,0.1131541497646162,0.3243461248361396,0.9138286257142624,0.5455448114745111,0.5985635822295577,1
0.3004746231126806,0.8469037641469119,0.8511227943066579,0.6539722873850096,0.199957268079255,0.1429608946394557,0.1569736580973082,0.915996450858168,0.6275650019231406,0.66266467934203,0.1508990146064714,0.8845556560878762,0.7676913491461826,0.1090918262511941,0.1176046505415548,0.1442602093994836,0.3883577409898845,0.8179792605456315,0.6419578567361468,0.5331628627892647,1
0.6107014286520274,0.237149852657082,0.4879661861584844,0.4180924046284754,0.9071446055453724,0.8603041954393086,0.3518808370747554,0.1967044185271577,0.6146723953279398,0.147968970677604,0.5587026595826643,0.1316676264334509,0.1610864956805308,0.917131558939624,0.809034808232262,0.752613289338749,0.4516816615888706,0.2790657767974355,0.927194092289776,0.7858483246972727,2
0.8003856071437863,0.5724859789020987,0.3666869718407988,0.0612477940599074,0.5111746838183631,0.3519308890190149,0.952940994956598,0.4749211133922206,0.9309751925047552,0.4899568265340833,0.2038730130538915,0.578352010858227,0.7233331211871776,0.5053040496401736,0.740074528863716,0.4793771034069672,0.6427672257175837,0.5956428003256065,0.1801124737769291,0.2644170750058485,4
0.7948957754147511,0.6029886242973497,0.4052376987926426,0.1399528160878667,0.6092008320949276,0.350300566634259,0.9108793840210966,0.4639774303888881,0.8510948296496246,0.4698907914671536,0.1810300855111034,0.625962473186313,0.7063160463199706,0.5028510040151007,0.6749604893512001,0.4668882498471762,0.5759112276219512,0.5561890663586341,0.1945725424779264,0.2259693328269513,4
0.4023198816033,0.2549272458604801,0.8831811080908948,0.4333394415943728,0.4635718724285567,0.5938228492235937,0.3376361524135297,0.7060263834137341,0.1404076284772197,0.83322854796358,0.7370178799806397,0.1769018772210146,0.1661559916351342,0.7393676157134514,0.5262296130561777,0.5977123366040168,0.8692198199841087,0.119870712067769,0.5483334986293341,0.2524243368447275,3
0.3943116555897784,0.8359254723453395,0.7581032960889138,0.6671237635401185,0.239650526624662,0.0767046458428945,0.2205661981614395,0.7054564793374781,0.701343369362168,0.6915349529615155,0.0947414086911206,0.9243331834843193,0.7783705563120636,0.1603652190263367,0.146468861697486,0.1044211702400731,0.3168298114962658,0.8869750431599205,0.58454844425625,0.4989090486972872,1
0.859704151747207,0.5339951446444001,0.3857996822585682,0.0865903239389027,0.6739843555272296,0.4550083667159657,0.9211376289071496,0.4865340689640663,0.8830732461876709,0.4780582394493876,0.1270504666085511,0.6337243422297864,0.6858318813391522,0.4894849537755918,0.6711718404601787,0.5436878606223188,0.6267462755905113,0.6928191921544254,0.1822105253527519,0.3713890138283827,4
0.2272596432285628,0.5071939847017735,0.0799339672468539,0.8846922972720096,0.4863145504920519,0.7347383188623173,0.4138667458528318,0.1203003094319413,0.7132881994373579,0.2283316846661736,0.8586626367286747,0.69935438164813,0.8506340688145229,0.8277108930126327,0.5731622612631895,0.8606806274317776,0.0681961059157629,0.3287329932561104,0.1917922919314208,0.7141928894909885,0
0.8744660193653472,0.5387674525584042,0.3411311589894977,0.1365398263708705,0.5364154762658426,0.3362320192548699,0.8664478347652469,0.5467282866800883,0.8942957989674535,0.5372024465805769,0.2440470409374106,0.7116617351109186,0.677859276440006,0.5037152688026479,0.6508839637939442,0.3714636800651215,0.653548658721147,0.6535315886082995,0.136852720530057,0.1920337219405606,4
0.0616986944255929,0.4635163672829702,0.0964271616781421,0.8592770328016162,0.417427856095061,0.6778224512206527,0.3466937868867772,0.2029077607246097,0.5069565460169435,0.2422042106085768,0.8481175517963961,0.7410949953208846,0.927027031107977,0.8470087313470382,0.4412234593408271,0.9414691863198404,0.2122555500991743,0.3409394800434077,0.280453891839392,0.5538441126916182,0
0.4133664557313904,0.2521202873576022,1.0,0.3709473164787126,0.4304314114559311,0.5327419616954121,0.3340778521264141,0.6365086189560722,0.0966785055440512,0.8947567226304076,0.6603289503448798,0.188739033530629,0.1910538184999653,0.766838142060787,0.6418365744834353,0.7207747678701645,0.9210085725318388,0.2433066739707542,0.5497705941488692,0.3223245706866473,3
0.1319514282510838,0.4441470106385017,0.0989714980847659,0.9381990809106469,0.4486200246300819,0.7486825264466579,0.4303497805106546,0.2012127242213707,0.506842521775928,0.2172097130344704,0.7427030600207686,0.6660751282994589,0.8598638815561048,0.8425508053851823,0.5033333962274654,0.8859923955036847,0.0163173004635601,0.3276272036728025,0.131401778963653,0.4976515428706613,0
0.6089399231947642,0.200944809144093,0.4894106717967282,0.436239475065816,0.8086553315947923,0.8884061645581435,0.3058294490762505,0.4091471012776069,0.6144266807509332,0.114135797287747,0.5497732384026218,0.1863810595613076,0.2020653446181569,0.8513310995308755,0.8841666705288805,0.6812584618351035,0.3588017474001701,0.2299472341767956,0.9423735418412564,0.727832668298446,2
0.3729908054511812,0.2509437208845335,0.9402310840810284,0.4294703048118393,0.5494646900069345,0.6543555955218461,0.2879902722765418,0.7273894857165117,0.0563589512458892,0.8774362241358148,0.706824604075823,0.2364023496368944,0.1556610297126948,0.7041544448566267,0.6335316168606259,0.6880822521058163,0.8603779108732863,0.0856759436700105,0.5452460083179065,0.2148017672577811,3
0.1421234967888952,0.4030528778803005,0.2225184645926558,0.8395901082149306,0.3883591507029789,0.715342739484396,0.5392961507776802,0.130570606357108,0.6555675640329373,0.261989703122422,0.8894486681455436,0.646436646101202,0.8830139384374506,0.7825288353305878,0.5724273050385273,0.8164718591897633,0.1261290599445111,0.3022192586052246,0.1662833752810733,0.6663809118774661,0
0.3901899155970607,0.8374852527755662,0.7213388301961932,0.6457489270218715,0.2908784193337824,0.117708876284041,0.2268335117239796,0.7093282797222237,0.6222473452540114,0.6787999057808346,0.1089994250306694,0.8897015829624835,0.7597640502444861,0.1133599708415469,0.1102732019418503,0.1127969685287419,0.338999704542038,0.7005668171518076,0.5767450979710724,0.5080894330246974,1
0.375063460391748,0.8966478999871391,0.7819546080927474,0.6164892499037518,0.3142132775628579,0.1338105249370368,0.1778702422315944,0.7263841929482072,0.5932769471970761,0.6350364992970875,0.1161849618391707,0.8504781753788421,0.8272800091959336,0.0758887395502354,0.1166906099291927,0.1285629222675316,0.4285981703230492,0.8210606657211265,0.6604256850342871,0.4177389254040772,1
0.4718522144486771,0.2643444481609009,0.8282161370475238,0.3716477903064616,0.4807440079938581,0.6204983516390301,0.1933505275304335,0.8009202573986841,0.1504559166282436,0.8879067735466603,0.7118193121098255,0.1662244164863209,0.1129814825189418,0.7931127036296447,0.6146260319723048,0.7195552819713873,0.8109503314357434,0.1788642567475341,0.4851027691381781,0.3451439464159416,3
0.2914681351548311,0.9253053136451328,0.7727603684875975,0.6729671574521292,0.0762841588882052,0.1254514185249123,0.1755087112602649,0.7661731191484302,0.5933734134371887,0.6732931998158252,0.0641135365495421,0.8621356721702002,0.7786427891318293,0.1429133965639744,0.1587543781130801,0.092839240296008,0.2716082069828149,0.9103049319575311,0.6217824914374033,0.4735689235361829,1
0.9465504590529972,0.5510017940086738,0.3995264572645825,0.1827707144642366,0.6238216189621661,0.3222297581559654,0.8588196886971672,0.3961537676132324,0.939593001058966,0.4511149244749951,0.1926856889346165,0.6144409077911764,0.7492766691510725,0.4884249810171222,0.625518581338261,0.4053344087145472,0.4801524693490405,0.617866877512011,0.2320206321779394,0.3393219915063913,4
0.2903216190381688,0.2365793542854964,0.8011751602251688,0.4182127483258459,0.4732602467388253,0.5967801366889055,0.2558185439872115,0.5496674978591867,0.1511280025357895,0.9431666218400624,0.7329029478370468,0.14543912346713,0.06431092315404,0.6900981462893009,0.6363542006680433,0.73039738969425,0.8477361836762849,0.2280074821409059,0.5658619084690388,0.2814464772524805,3
0.9274411130998818,0.5381938393915809,0.402120137230942,0.2098976357009316,0.6422461990091928,0.3285833685418698,0.9331716857414636,0.6434332907610963,0.876880201704872,0.4351155172155497,0.1971247026003558,0.6437247397850586,0.6986241926121155,0.4990072847055842,0.6166330230825378,0.4188193715964035,0.6190179421028974,0.5504722369020462,0.2395719048509818,0.0534925377961717,4
0.5586674236532636,0.1065546953408423,0.344315529238308,0.3824156490125075,0.7913000389242394,0.7655467888781112,0.377741666002748,0.308425798222384,0.5145091548441426,0.1656865349429787,0.5505597171807279,0.1741848691179581,0.1634961400977573,0.8710825552184256,0.8522067733698939,0.8140103102223517,0.2871449343176373,0.2400846237451597,0.912516975837198,0.856315035621241,2
0.431872461140637,0.2345241257260706,0.8431514940110958,0.4290728523676452,0.5478276091327974,0.6145380859746503,0.2052205427160717,0.6335564443481548,0.1414795010224444,0.8321750037798954,0.770890653292,0.0486280468638098,0.087248156892217,0.7119476169243567,0.483331663574068,0.6143834690472856,0.8715996747045506,0.1652343148188392,0.6059664220019172,0.367318557270399,3
0.8236207405513172,0.5704378539202585,0.4336126794528279,0.1289481713721123,0.7038860658144909,0.3873103115423249,0.9186470847033278,0.4063204204631431,0.9186208452707544,0.4529916260608452,0.2004300679173593,0.5925313494692261,0.7596873386661549,0.4934951547439684,0.7708969975699105,0.5676520507090763,0.6166365516577554,0.6774340372464773,0.1469584767928396,0.3029228997084399,4
0.1775609231890288,0.4236916615735955,0.1899125139215898,0.8545483068883056,0.441032098542684,0.7081433306540317,0.4334536486750046,0.3379541016496639,0.5311535417401869,0.1816743997089294,0.8773297996815377,0.6686495799186319,1.0,0.8532359724896934,0.495248421833003,0.8165763544959135,0.0293533247902781,0.267745529533341,0.2167795920999551,0.7115284267889589,0
0.883136221008855,0.6083127466235932,0.3593575315333418,0.1627628876017352,0.4374772475894587,0.2556718286451836,0.8668297265325641,0.5024992439783682,0.9047327698875036,0.4586633190599861,0.1723355240733532,0.6181267859279971,0.7271499505399617,0.4219914937796055,0.6597168141724248,0.4396283741150662,0.5045962304348393,0.6140865065148576,0.2168766851060303,0.230101842622465,4
0.5445013303771135,0.2265430526674721,0.3821601725378827,0.3978400685673532,0.6878285081871138,0.7980565384530557,0.3950984238393928,0.2264783431313796,0.582629850524148,0.1454387359614872,0.5503854052142553,0.2039301069821842,0.2212693597068946,0.850006829437687,0.8273857584211722,0.6270958080115137,0.2767295202373075,0.1024118699182161,0.8610825007324848,0.7556121193952392,2
0.1454200076503896,0.5390244945412743,0.1190668434791251,0.9435306129110786,0.4820553003912757,0.6939177291350066,0.3680462006865776,0.2543170569236602,0.4923980563964041,0.2867842378663919,0.866249714066601,0.7459902575831975,0.8444531161721199,0.8333376650160422,0.5224113387133387,0.8646701478753046,0.1051406262621064,0.3641857444855962,0.1677748873930811,0.4890233290990829,0
0.1088603420879985,0.5040123907508653,0.1775004138751197,0.9530422537816748,0.353201108685096,0.6533675833155758,0.4739207327995863,0.2765880512458143,0.5807101280297369,0.1548380265758681,0.8404235918071187,0.6886441014075445,0.8857903905347774,0.8525884900445305,0.5136136779694668,0.8826402908440171,0.1353658229800304,0.3867414270944204,0.2310516402536132,0.5998617717478162,0
0.5901102615777519,0.0,0.3268086747113823,0.3650182345386399,0.8578301966326465,0.80453184698313,0.315047277317981,0.3347263826712495,0.6487025356671949,0.161121077474758,0.5627419780006541,0.1592850825158928,0.1545385227511083,0.8609541562874361,0.8794133306589661,0.7307136150349957,0.4255685721774943,0.1832502731954226,0.8873587841786142,0.9098374222821924,2
0.8041087945422228,0.6594884129573285,0.5000278077193001,0.1191252253645121,0.533275462287665,0.3360594617827408,0.944736334891956,0.5140456259731293,0.788637200380762,0.4826340347245558,0.1395140089151937,0.7181297272955277,0.7405269339996899,0.4379717674102812,0.6606154259177424,0.4386115328716804,0.6063592484454305,0.7465717481460991,0.1350384200346026,0.3905590356105223,4
0.1807688615456755,0.4707273198966222,0.0754672704065147,0.9718358158847036,0.3582874949006593,0.5954729925330758,0.47066562171227,0.1553132935751572,0.606792039023811,0.2204662944348509,0.8950394262847052,0.7519916748725561,0.8158103090266465,0.7880703353087838,0.5110065903919497,0.9413012498816942,0.0948381065929297,0.2968183578505569,0.2402689009495357,0.5435117309689133,0
0.4561336833987013,0.8245749291636997,0.7254078988963216,0.6711001457396606,0.2649847713074502,0.1074898003835101,0.185745606885967,0.6813116422167184,0.665230765461034,0.6913069740935248,0.1282123041908121,0.8862323407027359,0.8447169339563301,0.1186273750069369,0.0678437529868856,0.1680520782211381,0.4599334515181671,0.7376495932458507,0.5853837385867823,0.5805120521554104,1
0.1991783501288711,0.5136796291949381,0.1411953472901456,0.8805860886609396,0.344088405307041,0.6843837010673164,0.5284686867032421,0.1839956522577011,0.5671907035786582,0.2047759257047133,0.9067637593039356,0.6616884493227139,0.8578887879762255,0.7255415912060528,0.4377896052719132,0.8673976498365201,0.0580418093957859,0.4913600278595002,0.1106259252309071,0.5224864214358329,0
0.864248811996436,0.5806170124386301,0.3980298505971877,0.1487993122142399,0.4809416374925208,0.3831663619995318,0.8262747460288159,0.3805892257507919,0.9057775796620186,0.4164729199243043,0.1273490091810235,0.6398237235163277,0.6532984670827837,0.4120293108993748,0.7074054572625946,0.4362810163016155,0.6485083054125053,0.5844179169735951,0.1928895573125304,0.2702134759510709,4
0.4450846352518261,0.8834916132348368,0.8264764379218685,0.6054242044267797,0.2913720360631261,0.1739753488361787,0.1201909357626461,0.7899522742526309,0.5681559316653534,0.6195706061475171,0.1171169488734211,0.8842590834092483,0.7298814172208359,0.1791130367488284,0.1535772441135787,0.1041170230944921,0.274917894242571,0.8077377372413695,0.5843114294639056,0.5465465064178053,1
0.9161162464817356,0.5400397718080766,0.422511762355859,0.1357827845021543,0.6023669689268153,0.3299968060507566,0.9058940915814846,0.4948212471374857,0.8435242257088719,0.4686046035552434,0.1149016383586912,0.6672182120930732,0.7972388348998276,0.4121958948895515,0.6697354717743254,0.4924016618495307,0.5831386125592015,0.6805381445509873,0.1772758639729935,0.1975385875982131,4
0.6197227507894674,0.1438506663823458,0.3039307044922973,0.4989513764439122,0.7335867523941862,0.8840402334188624,0.3795811013419092,0.1820572615973232,0.652843606680228,0.1539040143589486,0.6541582402239865,0.1128446524216508,0.1191631846178253,0.8509855837346885,0.8675511641518029,0.7628139638441312,0.331875871102362,0.0616362129102538,0.880971141594488,0.9529722245199632,2
0.8111556996500908,0.6636573236570106,0.3969636374677164,0.1003417823266156,0.6406734958133836,0.3503498867065242,0.8692392924445121,0.4267728103236261,0.8419518282988527,0.4212577022488434,0.1846867894404998,0.5874034190266632,0.7198275380872643,0.4949985703658485,0.7157108890906844,0.5008750767406632,0.5580793021189489,0.7150509580467238,0.2166858831073574,0.2543667333218561,4
0.4311310155123846,0.2750386161662983,0.8667293796422781,0.3756633818315363,0.4795324222923076,0.6386458248618816,0.3077880795166419,0.6899405630473948,0.1567978944138514,0.9183759002577584,0.7123577479029364,0.1122420756044268,0.1707693703871558,0.7092792191472006,0.5804763717509104,0.5888441742283383,0.8673276660484879,0.0444463178521352,0.4902600514443281,0.2862885841257098,3
0.9107517848313316,0.4887601480893728,0.434492579232622,0.0652472072394618,0.638934691785717,0.3100326896059723,0.8244102821888177,0.4622694907946146,0.8898124281256038,0.4267694351347962,0.1414924031244106,0.631355402605403,0.6676252791970397,0.423537751712263,0.683633713273166,0.4011297807016237,0.6012511220949701,0.7806835963809656,0.1901770253284688,0.2416048096066746,4
0.1076984804640159,0.4562765709351226,0.1952140167921467,0.943152311034141,0.5170398838783847,0.7346725346695577,0.3821965359516915,0.2310167035424475,0.6070562934252093,0.1801829649360094,0.9006085110205858,0.7978030878754884,0.9024311268797408,0.8920522369964925,0.5260602722027022,0.917349723674086,0.0844902246366363,0.3937005370283307,0.2491326099618078,0.6214654940423838,0
0.4267546151706838,0.906852646730648,0.7227068688406105,0.6215766833563465,0.1569790749531096,0.0897523598498166,0.1568098759408139,0.734889275698004,0.7247326471696153,0.6653455428389201,0.0524875713929389,0.8446883857629964,0.8183195443139447,0.2267798051757248,0.0487288145756391,0.0527349512249289,0.4488903073051137,0.8416786522003454,0.5557659783566385,0.5784239087237084,1
0.9438181891894007,0.5860151628697813,0.3990659084864079,0.1701418168181279,0.349382032301828,0.3463336720486579,0.9350517136013128,0.3543615016088883,0.8202091489932464,0.4566400337055629,0.1880036475405607,0.5925198817691925,0.8045310747202794,0.4534843082385859,0.6169746953373176,0.4449601802123898,0.6246654361427025,0.6788700454131759,0.2198411154772427,0.1524777125139237,4
0.6062676216555818,0.208326042617418,0.3141954754862395,0.2627361288779751,0.8311929463913544,0.8635120435995015,0.233428892274138,0.1483435734417521,0.7326954375415722,0.1150396178703537,0.6122580506868014,0.101332984570692,0.0802753465194635,0.8702869180939006,0.8432828282875652,0.7382264880468885,0.3514503098152076,0.2186059830042919,0.8481381107463605,0.6800517385026811,2
0.6237095832031757,0.1411822459901174,0.3616658405334283,0.429742642381646,0.7881242811995897,0.8396023430440042,0.3153022529001574,0.2979171253806355,0.624231448856218,0.1295335231322638,0.5303349718623784,0.1193325151467011,0.2012139232813224,0.86947499437823,0.8879001364833382,0.8438997591927622,0.4013536434701664,0.2032471614864245,0.8314546489837715,0.5656821076872374,2
0.6064220055478362,0.1907559843214412,0.3937553976148091,0.4199229345518841,0.7863903161158737,0.8307570554194036,0.3672155842318205,0.2653769569615025,0.5937865266345627,0.1672779909354107,0.5776666613624398,0.0961568934736234,0.1360774376851371,0.8287539427619687,0.8447958344569462,0.8179188316167652,0.3091041259977956,0.2074416780419911,0.8239640571723399,0.7695166108936236,2
0.1445987535419619,0.4340127414437661,0.1142921866352428,0.8885756231751583,0.4112968135066306,0.6744485884503193,0.4115555263284666,0.1434656490540385,0.5770893952765408,0.2512201004153337,0.8414028438449602,0.7598240437036111,0.8517901974189115,0.8963164328987152,0.4844412509954829,0.7710138856460457,0.1463842844032469,0.3553482287640699,0.2141013810468548,0.5333963703828943,0
0.583718138229436,0.122374728596485,0.2827401179601694,0.4995214281675983,0.9256590999354812,0.804639712680101,0.3339244727720559,0.2566710921295618,0.6554647983907806,0.0896545140203922,0.6260103825670529,0.1087410958252204,0.1124371841399157,0.919401817835924,0.9225536620446518,0.8800250734120327,0.288597737086456,0.251461577214319,0.8391520046662245,0.853986871293039,2
0.4273113534452852,0.8100953003724327,0.8131622745276836,0.6818143365363887,0.2653652298014879,0.2231405039084515,0.2817420320632228,0.8325852223449671,0.6279791652388418,0.6900094037211183,0.1167324248308615,0.8689105416817456,0.7629954878679216,0.1986210241008975,0.0869351941319531,0.2199350080260225,0.3723312820022699,0.7086274363134539,0.6228946249607318,0.3681952981642644,1
0.7885853094369091,0.5410816592802873,0.4604094016132365,0.1407285377890695,0.42298588682983,0.3139993427929181,0.8495707428474799,0.4061828131815646,0.8857934379021943,0.5403808434771439,0.1125965042194386,0.6322278124922319,0.709126417780801,0.524399404412631,0.6911839841648564,0.4786811328720966,0.5979662109826871,0.6052759657498946,0.2552810600580306,0.2969398622495558,4
0.6735102955382883,0.1377190637712219,0.3381115211184884,0.3488903415637879,0.76481592733054,0.9018443738884688,0.3934076330790182,0.2925447121023868,0.5194426567409528,0.1710863245648922,0.5072119054726794,0.1777966615689741,0.1521147377345544,0.9087746124594548,0.7950121303884958,0.8127498036321343,0.2752119098783804,0.1493790674238244,0.8123642873030149,0.6446100431745764,2
0.6881018625932892,0.1460778415516825,0.2527269485465657,0.4399120515423142,0.8989419261338347,0.7634243387456484,0.3331979875625901,0.2560358240642845,0.5990415010756217,0.0925282903694522,0.6243823407594695,0.1186754330819633,0.1075215306319932,0.7680078073054691,0.915460485706421,0.7871792691587668,0.3585699567730365,0.1680398497968074,0.8271515540316009,0.6945338453010771,2
0.4208828427792096,0.847274711550361,0.6537597612342774,0.6266656396176049,0.2626104429040639,0.1865054679049134,0.2369683261499993,0.6747691255412558,0.6386262723978889,0.6959703570770026,0.0410278443833397,0.8897636956699546,0.7577038599032272,0.1178421121966161,0.1412439619030511,0.1219232206567306,0.3193698163523692,0.8145145011049026,0.5515819477967651,0.4385235014417246,1
0.4099376192333646,0.2788408202986364,0.8389512143228813,0.3932227474498608,0.4874381091358866,0.640331115148012,0.2171106181075643,0.6370450164552723,0.131984062729718,0.8916613236573596,0.6795969078799408,0.1032475645692129,0.1478907119522907,0.6547812202168346,0.6757791018814402,0.6717952620892114,0.7587140604288419,0.1260975280208063,0.5474023532379623,0.1948251253953847,5
0.830620526981485,0.6012492537164726,0.3214070278059254,0.0868252971682219,0.5493488446964689,0.3447435099310081,0.902078680954828,0.4388071608750253,0.8911938247941106,0.4698539286096096,0.1942330872943166,0.6650954817466852,0.6289088922562127,0.5536720338677003,0.567031541619938,0.3955429572749653,0.5675395800163079,0.7226795809943275,0.0459030095084693,0.2324752005108717,4
0.1369169271630281,0.4835791830863219,0.1244982359340814,0.9527279003059286,0.459702592656317,0.7069904962446544,0.4967463048061092,0.2460594283637873,0.5696806896306134,0.2468660212659478,0.8687238922865634,0.6923652681914205,0.838471950196363,0.7808925264513008,0.4680386195566883,0.8014082963378044,0.0821990868635164,0.3290938046457106,0.2163739420806775,0.569978994300003,0
0.5281187855750695,0.1733694858807246,0.3209496296878233,0.4223070729028047,0.5614479914339815,0.9250326636555342,0.3568743969698533,0.1041541706990956,0.5404245568576778,0.187042280523126,0.5508247381778868,0.0956046108550355,0.0765215337167729,0.8569113660092613,0.8515538856489646,0.7940355278411769,0.2821875357177715,0.0871448550593542,0.8821926195079386,0.8701012054072146,2
0.4715678192984798,0.2660278000809248,0.8226419989674247,0.4302930324091977,0.4203372177885668,0.5751602959352385,0.2348185246367549,0.5980861981254255,0.1619800756899243,0.8570981227441284,0.6578240207705187,0.1851472804027935,0.0703219183854105,0.6793943297183426,0.6722962975193051,0.622680927848383,0.7148975361310329,0.2121298834365709,0.519388309633697,0.221567639745052,5
0.3740876181739851,0.3061363097446021,0.9466556009392472,0.2803211047852976,0.4754199681674254,0.485527074457132,0.3970957347997008,0.6192044064808055,0.1609146218763363,0.8689367357533615,0.6827604052009112,0.1170191093361777,0.1798650711906865,0.7833541579585844,0.7067961630757859,0.6838703065666957,0.8492039503516938,0.1430241000867034,0.5146900056493477,0.1571435629600735,5
0.3941947748260982,0.2392900249528194,0.8907307505193848,0.4045550430415982,0.4938279823792022,0.6766556721631684,0.2592203146816298,0.7185023080077427,0.2202255338153836,0.918638092968069,0.7595853768035078,0.1484967993529617,0.1295667837499703,0.6727043156739854,0.637853701557573,0.6951806583721291,0.8388217475335528,0.2370052900605931,0.4679725154757911,0.3782685021044639,3
0.3891390470049777,0.2586660644095237,0.8311650617637515,0.3444552176460826,0.3618130112896522,0.6086121791983711,0.2275264452006228,0.4640950478474456,0.148940759027742,0.8653770574295653,0.7663151715841074,0.1771777915932206,0.0620468683484341,0.6131689792314621,0.5791613866161346,0.6442572297996351,0.8823797320020621,0.1626226818167339,0.5895143706589506,0.1299018650967817,5
0.3931669393179537,0.2967009977309923,0.8195794572101642,0.4551673470446991,0.5950043680180545,0.5442389976246393,0.2696946475442485,0.7122093807508132,0.1061676854443059,0.890231224674368,0.721160831842628,0.0966184320401143,0.1357350546845857,0.6804065016172508,0.6623543020960777,0.6486669666100783,0.823437027216937,0.2578904176388407,0.5517943579621718,0.1471206020270445,3
0.3535619887383975,0.8939034770475084,0.7537842250461189,0.6120461021379553,0.4388370236918703,0.0824719096732777,0.0742238815396639,0.8248757417538969,0.5774980986859343,0.6326123061621499,0.0783557788751604,0.8616068209843942,0.8429196905811627,0.1613189283557765,0.1635336142679959,0.0779889187533308,0.2954657509563907,0.6128346498021734,0.5602357167914774,0.6131115516885906,1
0.1063951098406313,0.4889666412295375,0.1752287331906589,0.8655518878182397,0.4132998708936364,0.7424655081089659,0.4212149269528864,0.2678958865808564,0.5850171869469665,0.277677003202039,0.848966246809673,0.6484311264950287,0.849813796477113,0.7696976889936219,0.5393862027225909,0.8119983822410928,0.2489983401068608,0.4329637870893976,0.2112103094536088,0.6602077436756214,0
0.7788617284349657,0.4929217084075884,0.406406389235737,0.1563929091970231,0.4677595948418267,0.3148761686647806,0.8480506857476912,0.3398983611557317,0.9088622247942671,0.4177266087647828,0.1773170779387016,0.5940348362719141,0.6628282041492487,0.5259735031696896,0.6517527686738241,0.4543672336114399,0.5068069095638683,0.6219247021255255,0.2303116378304497,0.4512913052695402,4
0.5955187019655501,0.120554734362501,0.3668515221500664,0.3380643017362902,0.8194813135032426,0.900897294330166,0.2570461721809466,0.1051342775206582,0.6768344056653712,0.1010321210065802,0.6281431730681788,0.1275078634158493,0.1561502545930151,0.8960198916794107,0.818637492500243,0.7626566202742375,0.3291785735903822,0.0985739976608054,0.8730269392190894,0.7627889595421833,2
0.2582306089719845,0.3052837124667703,0.9150477329273092,0.3807891182503093,0.5844828949523257,0.5794771166393514,0.2637161311118531,0.6927142170471273,0.2780919227760447,0.92207414565335,0.7454564419059163,0.1193958297416865,0.1250757966242918,0.6934955679164746,0.6576723893364693,0.6870454511234366,0.779390560854244,0.171440557014108,0.4869074978020484,0.2599968661206868,3
0.2155551981799585,0.4249223165785492,0.0652587971166483,0.8232654280875483,0.379415027718611,0.6878744105817947,0.473656182145317,0.254076579747754,0.5085120284204137,0.2182009093190069,0.8572952553249333,0.6073168237085,0.823523632548858,0.7806976484531514,0.5817726172564311,0.8768549249871075,0.1647942337671541,0.2331039142385314,0.2736686220976658,0.7069707001686208,0
0.0721620349713852,0.4111724138504736,0.1172979836259856,0.874756558372798,0.3929078909381572,0.7700777348007636,0.4817779119377305,0.3338941272995607,0.519082281827886,0.2198688689736104,0.9069721382717156,0.7150480408565143,0.9234169009997284,0.8390861517920033,0.5984495848745744,0.8973934471196826,0.184530143918562,0.3209614067055698,0.2133351986140984,0.6727039512460772,0
0.4654963334208767,0.9366173567017132,0.8860958684914515,0.6130461799452106,0.2619492200738045,0.0735053877991489,0.2508991935142339,0.6789660734914934,0.622211452886309,0.6013816096158285,0.0850210635342033,0.8317455891523236,0.7538150078899638,0.0936270699927179,0.0996828801433734,0.187983705700521,0.2964036423482205,0.8249784250270722,0.6636133104890085,0.4944654268190999,1
0.4103901029515995,0.238466050715018,0.8349691436516941,0.4111330260235723,0.403178508776283,0.6064918405278922,0.1486769245903743,0.6271732081064982,0.2095212791990596,0.8864567773621389,0.7213825689615702,0.2508566781368088,0.0287840213361768,0.6917838040928241,0.6000754329701623,0.7188656091981519,0.8798205488399957,0.0969698170162988,0.5826352936590442,0.2065561905370137,5
0.3907521917680607,0.2763357733737878,0.8315899163072437,0.4441198220483903,0.3654754483579544,0.5242830956322138,0.2828539802430939,0.7891166825768682,0.1164322434472457,0.8976678451817052,0.7579779945874715,0.1984863406719055,0.1055562279390135,0.6805575113785697,0.5109925509845346,0.6712218435099476,0.9030018214583092,0.0802433019967985,0.563533355431587,0.1649206993439059,5
0.8126873730108564,0.5519589889166973,0.3868463034164968,0.0822107773082116,0.5230112455370486,0.3210785083189121,0.8624513440829799,0.4356115210782918,0.7949882654323959,0.4507584817679999,0.2854116626055849,0.5822312512511957,0.7736599894096412,0.4817496778787121,0.6464670582804931,0.3857354962944485,0.5856374311315504,0.7695731165985398,0.1741940984676383,0.2207933082794802,4
0.884790913929689,0.5956555063841417,0.3941435760590214,0.1326927093605857,0.5712540236283813,0.3419972873931299,0.7864121559891601,0.5804885697830927,0.9250731654944906,0.4098785846655834,0.1743210623171119,0.6220847345552096,0.7606335251530684,0.3652382474140095,0.6516981614822513,0.361339970222848,0.5654943238059424,0.6353829485247435,0.1971165651439751,0.176511304268081,4
0.8933992707406161,0.680326482019276,0.421858189992739,0.1625228799590613,0.4897667768584273,0.3757274131279233,0.8637394607763722,0.4203933927220839,0.8828026886310506,0.4465900154887885,0.1971232994955028,0.6171802555675135,0.7048050330710448,0.5331081350003364,0.6783679721250591,0.4621461144627034,0.5033428799002969,0.6935435041521293,0.222639790475225,0.1865613006455993,4
0.432669997534219,0.2504170784954532,0.9329827055974442,0.4396953472490916,0.5194706689938869,0.594585040933331,0.2791810955469991,0.7584307144029514,0.1831338497904693,0.916938465700128,0.7176364455501573,0.1853489838337761,0.1723071110626907,0.7033582441071172,0.5957133900693264,0.6814189741794816,0.8815790473060624,0.2259444851308007,0.5175012534618421,0.1122945982957668,3
0.3841124918359146,0.9312888125706792,0.7216334858364762,0.5594310136567348,0.2435743620777284,0.1600083503356915,0.1809498414819801,0.7815252143347299,0.6045583656785176,0.7054885904221209,0.0469251956721637,0.8334292628415205,0.7779498850115609,0.0392244772572198,0.115129149750026,0.2307035338216047,0.3525322011539256,0.831076077494584,0.5349499358503269,0.4922137625906879,1
0.4220013522353245,0.2603581306682547,0.8445752329816362,0.3741047145700679,0.6588192801757998,0.5911053800340035,0.1537989028333717,0.6224810782447021,0.1311348641464488,0.9420952209999272,0.7562596947562047,0.1160572882633362,0.2201353844770051,0.7448397379414659,0.671598967331575,0.6170448868826488,0.7141029242781052,0.059311537422229,0.3658601966225476,0.4176908082163613,3
0.5717313287226522,0.1233329104467499,0.4662649718584867,0.4508881307837534,0.5780078029345183,0.8161751896714082,0.2288396057430947,0.1529313574555311,0.4603167525262174,0.1206445488115519,0.5437058260971667,0.1407452052469918,0.1006353811140608,0.8761038056498167,0.8351163247690907,0.8332998694125149,0.4261200857242123,0.2588033964426042,0.8443163842595559,0.9535432868814572,2
0.6494796246017652,0.0793118283785099,0.3312410482105764,0.3982526252202528,0.7394656130096708,0.8202407225321467,0.4232748237495845,0.1560261614994457,0.7183612527321452,0.1397877884381948,0.585281131430039,0.1579490587467504,0.2674850616716463,0.8259052681372724,0.8048499750361785,0.7223792276587476,0.3578753222279691,0.0686474252801921,0.8570026994647532,0.9344610378694788,2
0.360345244390848,0.306994425212822,0.91446125310478,0.337348550533245,0.5709778348657488,0.6455268093236682,0.2123483283032032,0.782654726249162,0.0637661622539528,0.8465089345196166,0.7322407230775847,0.1229665545084474,0.1329824276613095,0.7506554495452606,0.612076059684929,0.723677932590877,0.8210656174299974,0.1838045437909706,0.5903163474816963,0.3038990378121506,3
0.1647103947085081,0.543904790802709,0.1294160586108334,0.9273933839754068,0.3985536877537777,0.639169522352955,0.4060374557354666,0.2311437928238249,0.566382335000346,0.31095338740564,0.877491128932528,0.746169870516112,0.8451322240582251,0.8016150095115585,0.451041881909862,0.8300584139629876,0.1527878398286913,0.3377773815388556,0.2630491692770676,0.608883079872946,0
0.3839564445842463,0.8407055883263328,0.7868223279841501,0.6023357651894451,0.2431432634278297,0.1950942989161797,0.2564131825864678,0.6658470728877786,0.7090463407540427,0.5722130936495705,0.104581286310012,0.895397890312825,0.7857441497837194,0.0905004284123843,0.1135011703191214,0.1260837640378794,0.3216008134746913,0.8790431826969212,0.6201829771403039,0.4772658508773847,1
0.6041741761503207,0.2049697635746754,0.3804853556290648,0.4741922034093423,0.7040876454962475,0.8547580565191529,0.3282050660842524,0.1404720626495776,0.6477721069057071,0.2179192256140555,0.5790611655818747,0.1604565411789679,0.1682690403602954,0.8374457036953381,0.7676505444916986,0.7238598660546605,0.2817216080499542,0.3162696214645411,0.8507742208890792,0.7582113042071248,2
0.3947331090403058,0.8704448620929851,0.7804182101835904,0.5892714242008479,0.2981432627153709,0.1805741484982841,0.1974987014843783,0.7170998767281582,0.5127388744769361,0.6909835112420278,0.0855020479163158,0.832470086698322,0.8064425191891629,0.1027996976370145,0.1725157233463686,0.1748093150586015,0.3893495089197654,0.7204998149879884,0.6638666980562067,0.5648962289208017,1
0.9448892235240388,0.4817209797903836,0.4336135415111758,0.1622232030557729,0.581427464993675,0.3529019544347758,0.911537033793051,0.4793515069106053,0.8403274205346106,0.469828915377575,0.1846332643303649,0.5838419892061014,0.7480051115480479,0.4470256265742113,0.6088590037900335,0.4222524365721007,0.5379508601742503,0.7464690270570447,0.1988562085971484,0.3513988446391243,4
0.5895684611318347,0.1188079297758405,0.3706262271061241,0.367734938267468,0.9421110317601744,0.8304717116120048,0.2974054155528107,0.1843907417313,0.6336163010484317,0.1160158770875078,0.5581367385963923,0.2116966985748158,0.1330996772679533,0.8745769510063554,0.8854462653044778,0.6757074145141374,0.3769462144167651,0.1231447817191635,0.8984387007587245,0.6975146157365564,2
0.3741276192913442,0.2284127419250209,0.9513124177654524,0.5080951628463402,0.487642644801831,0.5409265175859415,0.3461617612930001,0.5476564561449812,0.1148698159381547,0.8399053781625999,0.6692095036538437,0.148916111016665,0.0825202617809367,0.7373001585476863,0.6180535367176436,0.6467645982301224,0.820193230243187,0.1441679058725571,0.5694105136603524,0.2289049597564019,3
0.3561668987969246,0.8732916780315542,0.7370520821374146,0.6060578868413529,0.2864004906015259,0.1690355024198667,0.1389722993274816,0.7810410891144323,0.6427630106967454,0.5639201562086577,0.1575977570647719,0.8567925851223743,0.7948375291786023,0.1804794810336678,0.0652158484784409,0.1102521566828308,0.3338826431607452,0.7467531676952568,0.6968996958810255,0.4645900309922005,1
0.3808476767237244,0.7707974484378051,0.8037576220861715,0.577482567675364,0.12765434894726,0.0613799528579111,0.0771370876065272,0.6592724939896444,0.5813411456117453,0.7222783358063525,0.0898784149986203,0.8752168945963654,0.7893005201712657,0.1279548101191354,0.1182066218930787,0.0879246033624357,0.4280428621387468,0.941428749696718,0.5168313275455351,0.4468552611587104,1
0.5761644002335863,0.1422358884753283,0.3118315645652955,0.3915333418207611,0.8044997899235685,0.8849327794339834,0.3810305152754091,0.1667274112270888,0.5148601641656817,0.1237584595636121,0.5935681072957183,0.1447895574061691,0.1495871070611414,0.8802403482010991,0.926756203176796,0.7770074955689098,0.3370294077543478,0.1612331143101897,0.8493151814187807,0.9237643713360724,2
0.3093999190911307,0.3271483841889098,0.8268469204312041,0.382893622327831,0.5948793092196458,0.494597239575875,0.3462632014497272,0.6477376424928422,0.076632340146522,0.8592677024943287,0.6867430851189302,0.1831816615228725,0.0971660003235402,0.638909803187279,0.6085211253757841,0.6107945457988435,0.8477860314464852,0.0833404796163097,0.5020426754650075,0.2568956183505204,3
0.4473440712093547,0.8530897674158654,0.792918413893581,0.6313400426795797,0.2185340901694601,0.1982527847115127,0.2108069984819721,0.6273510137078168,0.6724929928646379,0.5840034427505846,0.1518892574039284,0.9169778872416612,0.7344756267278109,0.0995061114496795,0.0758119631899557,0.1342595943084125,0.3353408741576032,0.8684423883488023,0.6683038273235992,0.6561610754112571,1
0.5600528676391927,0.1148264625453079,0.4138858477662032,0.4508086196568668,0.8581969290783378,0.905513337475854,0.2774842420361598,0.2516860470921457,0.6019125033859912,0.1574921887540603,0.578934379634196,0.119725396315473,0.1904355943117363,0.9162513816636,0.8250733254819772,0.7531421554591862,0.2974292712361442,0.0168184796097415,0.8679819533759472,0.8396349519936841,2
0.3281429553612643,0.1748846937492036,0.8815998908716186,0.4121634118194358,0.4903534179997881,0.5253600782837888,0.2935530700553611,0.7225825558205599,0.0730255824891614,0.8107748156720657,0.7167712481467813,0.2458791623170997,0.1874553873391946,0.7643659610184358,0.5810700223884032,0.7218234730269633,0.8127642802997751,0.1124836911762755,0.4193394797020736,0.2536660973760697,3
0.823090828276672,0.5282820700308155,0.4277025691320866,0.067398130965799,0.4051952354295831,0.286915145031355,0.8653661820344877,0.3106737778985836,0.7879422292833254,0.4185865117235884,0.2129306076804692,0.5755321922811379,0.7066905613970159,0.5815456242449819,0.6720742220115121,0.4680907123607746,0.5294689712747738,0.8301198507954164,0.1717695317823029,0.2091758414863377,4
0.5798905998704463,0.1240883964356664,0.3466738789976923,0.44161959787928,0.6959886386378042,0.8767352090102691,0.2339129931112191,0.1792911246991135,0.5888112150899544,0.1860574519588333,0.5718860763632342,0.0354421174127442,0.0864910519614135,0.8729667118060043,0.8855411744101603,0.7733374027034209,0.359307759643817,0.287494718874224,0.8292946645204076,0.8664057675816939,2
0.4093454162178648,0.2717200959640905,0.9534244067058842,0.4564138417625442,0.561845740452243,0.6198359287898356,0.1920845143840699,0.7122784936280673,0.1416890247164219,0.8936616206796442,0.7328532064453287,0.1850814572935519,0.227560925332835,0.7295705003116982,0.6572944356946842,0.6584650685849464,0.8788508603187041,0.227698735454536,0.55007458693108,0.3866652639157106,3
0.7121332570992606,0.1333320696032728,0.4109881980632008,0.4036969087673642,0.920179632024998,0.8465811774144878,0.2989533527564585,0.3206911393881522,0.5825997127855883,0.0680944901563444,0.5629533563009569,0.1631431446580905,0.2240496373550115,0.875845130533056,0.919889218354771,0.6919224196448087,0.3328271148805817,0.1819757290771914,0.8477665183457943,0.7848868838174855,2
0.8839018363520441,0.560882824115493,0.3951259431877657,0.1105330695123524,0.500970044213988,0.2909331137420012,0.9041838759939766,0.4954213678386738,0.8363804771443459,0.5125119128504142,0.1951569604356556,0.6440591966358972,0.6555862212708196,0.3870917466849916,0.6819013641638255,0.4852851255291682,0.5415314331156733,0.7918902224525435,0.2263424173000431,0.1503514187692221,4
0.9079265961475808,0.5458876219204741,0.4010342210509746,0.0548414148748476,0.3318185737317475,0.3785385350915399,0.7959135168000655,0.4014210583634452,0.9207326570910688,0.4901732231237535,0.1597101133395312,0.5634712167013999,0.7401090997248622,0.5414483933481832,0.6400900894847069,0.4098235217931523,0.5482466296684652,0.7177254482007253,0.2539831302330543,0.1259847357773752,4
0.4358851264425418,0.3040830768976018,0.8744618955542469,0.3249891169224891,0.5824919418385026,0.545265104801349,0.2419809418493873,0.835649831450615,0.0991071687916238,0.899098105727729,0.738806065407885,0.1766815003936173,0.1293511629739503,0.7555769854187956,0.630734915802195,0.6753109753958909,0.9155410967828344,0.0628467192366225,0.5823100030627492,0.3179271377117331,3
0.6578776076028333,0.110388991896154,0.3547337686955895,0.364523711079806,0.7637678908780199,0.9055220067084988,0.3319768778171991,0.4226658697540796,0.6114847289818646,0.1260122820929463,0.5851016629376838,0.1027551206751377,0.1646503158292691,0.9330690799719016,0.8619048974816835,0.719245913348414,0.2996033343076281,0.1625791734224578,0.862396453163404,0.8919025567588104,2
0.401714803456466,0.9316314714498862,0.8900553702112917,0.6012287601751558,0.2731416970213783,0.1932359976627393,0.1881254007018168,0.7502328740932056,0.6285312941501013,0.5452598796308371,0.1394035647601421,0.8770440095980323,0.7700191732192753,0.2259575148824782,0.0905621705318793,0.128016495004644,0.4561343823602349,0.7549732908147883,0.5773228401216164,0.5271022169990134,1
0.4213460022984209,0.819269589406607,0.7999500815668522,0.6077311826171646,0.3082319358511105,0.0415450741838191,0.1660361777978777,0.7171241714731273,0.6278102420945112,0.6641456941029537,0.081370931518075,0.8406109324993671,0.7732689692592302,0.0742773773651047,0.1623559025647549,0.1253131564797829,0.1990357806842578,0.7863713308342934,0.553427677953082,0.3959664646305524,1
0.8842453762499534,0.6365887854505932,0.4744335748545737,0.1817651182673754,0.4834012755906298,0.2635448270674637,0.9568551398289028,0.523023021220318,0.8477703518411788,0.4969959492431754,0.1788400189365782,0.7060032912097451,0.6970127374939009,0.5788955668636,0.7102859856802984,0.5366770223306585,0.556516457286,0.7036379367351486,0.1445396842681486,0.2983796189449141,4
0.3835365646946461,0.354976127739844,0.8456591640637336,0.4122442562419479,0.4956254416279694,0.5201452222701783,0.2436812992824716,0.6746013667018378,0.1108471644270579,0.9653012379739488,0.6849221947318592,0.2205957199477616,0.1511885693191237,0.7384093271971067,0.5754151177869962,0.6418257844166808,0.8115592019460113,0.0324422321021705,0.4805435713429552,0.122745602144715,5
0.5907830648877027,0.2116038235742416,0.3807630168976879,0.4690824790262401,0.7754462864182318,0.8940602009846642,0.4100956843005742,0.3308631119233649,0.5523314959003459,0.1122841255717587,0.5667203508922427,0.1578194426751705,0.1914949530560629,0.827957271922061,0.8553321116829076,0.6607529252259694,0.4256755216477459,0.1587693522587514,0.8600071762546826,0.7656588451084361,2
0.5007018813743098,0.2358043143822732,0.8393485842079442,0.35162043257622,0.5270268854718044,0.5947685342932206,0.3175257732783962,0.7180390037514693,0.0668273049381807,0.838875398110363,0.770574173494758,0.1531273918775724,0.1654973041031504,0.7305388937138952,0.5696916670404566,0.6645916255235312,0.7852823503748798,0.120408560060906,0.5416619466515104,0.288898992739105,3
0.3855810595239696,0.2680912581770972,0.8330449603026638,0.4001191066389684,0.4118389357588956,0.5666020966007607,0.2442576231549393,0.6479778977291668,0.1685293066574861,0.8633700598788124,0.7573735127278347,0.233830940576371,0.1536398306415401,0.7642792995528436,0.6287764918290824,0.719647182319212,0.8381652135641539,0.2326262197368026,0.5581608977671817,0.2105180637198115,5
0.3482633896031052,0.2584905555295921,0.8531992948944727,0.3828983281722537,0.5344563468656395,0.5651481528706624,0.3327220681715976,0.6004207482045261,0.1366361031536427,0.8372422526107516,0.7302692516197657,0.1623136989949545,0.1071910017253577,0.7998921844861567,0.5829348367519345,0.7117675811683098,0.793906743188076,0.1716820460290994,0.4686524597075042,0.1837313378729356,3
0.8980365249689541,0.6525614382372471,0.4350635622819929,0.1347357485828862,0.5569028656719347,0.3483983399450019,0.8293700842379226,0.4139800170636025,0.8145540840931795,0.4584462016429705,0.2532602556520185,0.6716125782396867,0.6818676813876767,0.473907123589932,0.634525767343971,0.4453784502876659,0.6342529200561018,0.7266160914597775,0.3201357922909977,0.3324332348667376,4
0.1283760800664109,0.4829294233724815,0.2040768857010421,0.9016654542442164,0.4817455768293559,0.6617699467828219,0.4798013364219988,0.1980667377320493,0.5696057772773859,0.2301287418960427,0.9169107288861822,0.6343539648597625,0.7730527139137303,0.8109882258045392,0.5359357220794996,0.8731719865584817,0.1941354176613018,0.3787815343137992,0.1881173294532499,0.4003544076266825,0
0.8211192928214485,0.6024331662378019,0.402475804962999,0.237226133422134,0.632079174422353,0.2942011447317222,0.8246357353018284,0.6151875467992103,0.9212765573919428,0.483955968052188,0.1938461964462478,0.6492204300564384,0.6586503693650648,0.4832056241621036,0.6754609090471928,0.4006138920471196,0.5522917871764049,0.7871330970000818,0.1902561979410184,0.4064765689836419,4
0.1954643750601672,0.3936708926960802,0.1648324544996667,1.0,0.4483511079552909,0.7468212577133568,0.4992813735137302,0.2101660946227741,0.5682780671152045,0.1789750697441575,0.8808157951298792,0.7160486252575635,0.8819673395607166,0.8725802310561835,0.476319150409252,0.8412710243259349,0.2282149546952799,0.3274714200856752,0.2256989143078432,0.5860975682950073,0
0.6386346917882618,0.1582083199122042,0.3537108789769814,0.3841630632442309,0.7759636148250086,0.9023500432885696,0.3071462137401727,0.1150322393897545,0.6369130663294497,0.1176167223538315,0.5849576137970416,0.2098031566108159,0.1628177860297205,0.8945239660949468,0.7980605976586,0.7450961318753984,0.3843229898477611,0.0892507655008841,0.8694031794797815,0.7845742337929529,2
0.3408038980101928,0.2369906788558579,0.9326303352620094,0.4097046688551581,0.5306194063425561,0.5299403246119624,0.102890991209506,0.6285668280205612,0.0886906647916604,0.8826017980332133,0.8486875868014218,0.1901872395791201,0.2262707371316493,0.7679562843078288,0.5880783595403261,0.7008571475991252,0.9246871700439616,0.2958780404792403,0.5014592118775378,0.2596438855430517,3
0.5882126958857011,0.0690664205223927,0.3358643911698698,0.3541150930822833,0.8133726493165938,0.7856597068447172,0.3758009339715998,0.2152888799122348,0.5971545421350427,0.1514800364570746,0.622382721645017,0.1354064783388858,0.1377531609187882,0.7849247843964205,0.822777487927246,0.7281903382998332,0.3571260441264944,0.1722370820868704,0.8905512714205291,0.7337155809229219,2
0.433612897666289,0.2567601051373612,0.7877256798334575,0.3963201945539898,0.3233366723092326,0.7024254748189454,0.2077650735859961,0.6499630148661274,0.140747099118561,0.8578369326979223,0.7009119512297061,0.1802642282258781,0.1792300398366589,0.7735613655146555,0.683782955309652,0.6250128224409848,0.8535853862262712,0.1751259324599715,0.5443179277361058,0.3603219336634482,5
0.4114986073447334,0.1656451495059846,0.9232022072165526,0.3297925363186518,0.4856131972541485,0.5383939584649501,0.3711905978921994,0.7820166107430074,0.0921365692365471,0.8628348393292553,0.726827342098271,0.1971470129193399,0.1194698019068417,0.6827112971626785,0.5795592161372712,0.6767585833654808,0.9023949774606416,0.1983418776922538,0.4882618372341411,0.2903568720865596,3
0.8233492519686765,0.5940489956893709,0.5118079591652912,0.1027771713343024,0.5376855058537227,0.2917218118190481,0.8918079314382074,0.3487525510982696,0.9236987977743748,0.4641788035364937,0.153083554507712,0.6740481134426836,0.7247228676328199,0.524832123770631,0.6233474510023702,0.4683193254134318,0.6231930716275274,0.6428999893756657,0.130738534755265,0.2264504680060165,4
0.4092871035149519,0.8196013940772565,0.7039301063452953,0.6534010133332572,0.2618003785414639,0.1084979539143212,0.1309457706357646,0.8426698889188693,0.5602981013926444,0.7127606122284429,0.0742220656060644,0.901490182448466,0.7669462582249662,0.1546003897957483,0.0991277722949821,0.1394884871213212,0.3510919576828532,0.7429297855646312,0.6368375282882792,0.4904998779488969,1
0.4488631048174852,0.3317278718847827,0.8318934473582867,0.3929681006759773,0.4557379101463344,0.5805963579246523,0.2653962795519169,0.7350739855640854,0.0943415763701244,0.8337358232030065,0.765186795326498,0.1367262856951318,0.0706195557247535,0.7109647497802474,0.6007982509614523,0.7599437086528682,0.8830881046153923,0.2461377916624951,0.5708925855979714,0.3238380107878608,3
0.8489221388485694,0.6262121160996964,0.4549721730096838,0.13709416721947,0.7232040969649077,0.3412680161094755,0.8831729593644027,0.2195513401770627,0.853718063956719,0.4949797110517593,0.2513782049304974,0.5981873649292617,0.7403566900244812,0.5318548080286203,0.6752973556881001,0.336083478548815,0.5905009131723642,0.7269464882925074,0.1455879642495798,0.2101272901680559,4
0.4155528531790147,0.2242264906341012,0.9118204197522392,0.4072279393109234,0.3093964065145671,0.6600525612561666,0.2730765473163367,0.6411431493984299,0.1117358950848689,0.7892201552102588,0.7382578161688338,0.1728283804121507,0.1106308489021052,0.8050042101083367,0.549888691414819,0.6468481936892244,0.7917088580420624,0.146076754282603,0.5329809509290907,0.2807953110535922,5
0.0761970141996248,0.4514630081919691,0.1616970741260368,0.8862776654782248,0.4740643509896433,0.7060438982287784,0.4610483348923964,0.2179313786101863,0.5925662940619735,0.1717794010443209,0.8573340229029065,0.7037280023629193,0.8814151877127663,0.8941005193950032,0.4944845911897974,0.9407282949790676,0.0953180995103269,0.4351380786389173,0.2561568934187852,0.5169753305181465,0
0.3330407522351317,0.8325492000969257,0.8384772891711709,0.6809205818763648,0.2097207395713854,0.1566610667767844,0.122586653120498,0.8530125882453048,0.6417801863898759,0.7257903983314387,0.0763789411880041,0.8535526975645448,0.7865334793833559,0.1531958780211974,0.1144832733524859,0.1084645304811778,0.400358011659667,0.869473959551209,0.5526739970247249,0.652511980545475,1
0.249360614707023,0.2109212298446972,0.9131240713731944,0.4930973040835052,0.5527595432080763,0.6002020887245381,0.2607693916160453,0.7961454232520697,0.2233491961826059,0.8490606322763735,0.6347355546205602,0.0671083999151861,0.1692943751145467,0.738949729489985,0.6231166778878515,0.5971325210851973,0.7936152408498054,0.14075881287032,0.5435942525274767,0.2080845929673421,3
0.4323468060499939,0.9043714608341104,0.7435295509840188,0.634796286938963,0.138950579678162,0.0842056478229547,0.1396614447638017,0.8298709795915824,0.6574447047913867,0.6677460711562753,0.1397731663299219,0.89522011803216,0.7509208437697912,0.1435356527197241,0.1590065659762613,0.1823791731172537,0.4110987620100321,0.8664252904667912,0.6260976396773973,0.6242132116498595,1
0.3419997402474778,0.8564934576982071,0.7598374818042156,0.6272191813215982,0.2466389058615711,0.1597216921734274,0.1968254689570446,0.8475419279687874,0.6578025984211191,0.5907499675076637,0.0042747076472889,0.9133668642994944,0.7214644725832445,0.1071071730575673,0.0696009713998714,0.0549403045178485,0.3791285868674123,0.8667587432099495,0.5744961930406128,0.3155851039150051,1
0.60968926416097,0.2226884329330693,0.3001927452507342,0.4275200637715968,0.7254940908926136,0.8192850559012445,0.2830226687502015,0.1703792071956795,0.7326739761732883,0.1605618490743743,0.6273386439223921,0.1597599202964161,0.105382100403195,0.8939730535227478,0.9065082236037366,0.7161659033666721,0.4030823402203139,0.2448362527029398,0.9460495068208225,0.7514463644692303,2
0.5283789476845426,0.1443900801781768,0.3517053325171922,0.4304455750504959,0.8152975880166783,0.7853252002803334,0.3869705437385002,0.2425631717718805,0.6181118084343973,0.1239966181333214,0.5618650291276462,0.1420559345834125,0.1862191940527543,0.7829241909905259,0.8330641960259693,0.7456621474190093,0.3634252852347496,0.2786603088623047,0.8273416833140024,0.7531515480674796,2
0.8482572081972766,0.5502039680174919,0.3433748579732129,0.1569334446523438,0.5860943127766792,0.3279898214971374,0.956970863351278,0.3876342133906719,0.8592475052591908,0.4840695566093593,0.1859030241833015,0.6380003575836072,0.6206391107989296,0.4796266749718305,0.5898268065596205,0.3913561000848222,0.5005904568767668,0.6010430389605571,0.1664201108426366,0.1821857224555827,4
0.3784740216957056,0.8792807153213139,0.8522524703783655,0.640145769215566,0.2826407132742796,0.2147897332023058,0.1554975408230113,0.698340631244677,0.5654054280599401,0.5710757077123795,0.1935201483662578,0.81994713901569,0.7677798356650258,0.1053329219927813,0.1397630045460591,0.1848777268473612,0.4016811590047793,0.7706393216120984,0.5975363619303452,0.563091915213495,1
0.381394300231809,0.903987575522458,0.7335551649511194,0.6380136558663664,0.3986606714042304,0.1455737491285688,0.1354973278535571,0.7141527990488654,0.5618517206926223,0.6151757142115778,0.0958214194322501,0.8047991377934749,0.7777985569186517,0.1663671691552823,0.0822902656245963,0.2186433454157804,0.3784958727232251,0.891485812919601,0.5706739109667598,0.6080048564939684,1
0.8608095107436838,0.61041238123536,0.3894430018221548,0.0816087713464475,0.6571044553666836,0.3984703565271194,0.870767321422744,0.4284251510037713,0.9302370795944976,0.4945661509095014,0.1329750844924647,0.6414319546403664,0.7176639674026195,0.5307880860895359,0.7270162021719075,0.5126652765565087,0.5237820660763253,0.6203623901636306,0.2513110602514755,0.1791665895070232,4
0.3433505658583666,0.8556867197721084,0.8352123779809238,0.6259312963802869,0.181551871442947,0.1870174021224491,0.1153055917695421,0.8087042402538807,0.6305046154727086,0.637480076557811,0.0751028926998665,0.8312700962253818,0.7966775915291002,0.1842155993400913,0.0940738256592337,0.1679546229687034,0.2446516901135393,0.7746415920377412,0.6016642473962398,0.4573770954610455,1
0.77634597206051,0.6565007969662912,0.4231843891847732,0.1199014873796784,0.5323777100264488,0.3706186845058082,0.938578798492385,0.352054603950916,0.8903405442603182,0.4392313718600875,0.1833868171802957,0.6449667345658407,0.7200046547723433,0.5189761440861641,0.6969361748710254,0.3749686421131734,0.5078682394858732,0.647844241736787,0.2858040846377158,0.1566251508524783,4
0.56134987434182,0.2189835943830756,0.3536747963521939,0.3635544683517264,0.9030044705240368,0.8347100750301155,0.3663076741102338,0.2059080045063299,0.6015044916062138,0.1413340084317759,0.5972241631448223,0.0450612974308977,0.1224515642298665,0.9243705207046852,0.8515457150019841,0.7259598625759979,0.280317891989744,0.1218222741621192,0.7587176229579915,0.7804406409364464,2
0.0610900361037988,0.4414893329140258,0.0837170991790917,0.8831629724797908,0.3397563086937565,0.6862610213629678,0.3581940733607077,0.2727113557633701,0.5624183814399909,0.1653994111301676,0.839416460754827,0.7044604929161288,0.8382106128002199,0.7832384728847502,0.5133319194338967,0.8833265491379061,0.0541707209447368,0.3790387487308742,0.1731997705065701,0.5952186292314564,0
0.1301671134487219,0.4547391580170749,0.1048501282478011,0.9264872670782472,0.4593961942478624,0.7073852739371567,0.5231778539571607,0.0,0.5843747310480145,0.2590006866275215,0.918978020719832,0.6883657848911381,0.8702062642338751,0.8717494933935949,0.5866809770884258,0.849685761064346,0.1431194413406498,0.4576777010935643,0.1064187520712855,0.5430370745620096,0
0.3265698050566528,0.9098076012849368,0.7960086256536574,0.609977294126012,0.1554557434207154,0.1175498038970207,0.2852269216204312,0.7646590064519704,0.6496485466558141,0.6166321393613545,0.0820084485289969,0.920650954450303,0.7259896526057181,0.0956054127900734,0.1292006603270003,0.1537103912225817,0.3470182665255631,0.8378532793086646,0.6404514250607931,0.5992333213557816,1
0.6403086046244594,0.0773270519051633,0.3963010265315225,0.3613265277714374,0.9217517883037868,0.8585754646591095,0.3562567131994342,0.2230161751589437,0.5234484934143357,0.0869445280598236,0.6088277210930322,0.1467888784127364,0.213777047253754,0.8965785687131876,0.8082915910191089,0.7161656865657564,0.3610667329386985,0.0308104079643062,0.9427519490085348,0.8274221404858894,2
0.6066618602730449,0.2042497516158784,0.360626797726602,0.4400919805561272,0.6995277156282798,0.8531592348653603,0.2928725097181464,0.2822739774123877,0.6022280379654953,0.1545315495693818,0.6271162716517508,0.1681005337340551,0.1784443314072843,0.8218726143383681,0.8547190548757486,0.7380312509528608,0.3351546782321702,0.1715132825527512,0.8128674867743804,0.6262328443513467,2
0.2020531691678107,0.5620389739394553,0.1394423165107817,0.8042056169512786,0.3748237677366726,0.747115027640653,0.4217538752440581,0.3286693787944432,0.5858546421102957,0.2035810808533724,0.8706959185709745,0.6463313970731008,0.8545818519774894,0.7868054012903593,0.5681840744010196,0.96869263693587,0.054928664029257,0.1977879828444185,0.1998201554391972,0.4607723285658516,0
0.389752269720783,0.8753351946280079,0.8122830475874192,0.5969375294682558,0.2767733545159107,0.1445371829177037,0.2129772297246657,0.8078662686905356,0.5651605234218208,0.6926168706573539,0.0906890578594702,0.9062850669467108,0.789660813808267,0.211660867493244,0.1139956902108136,0.1291531024679398,0.3560569494403958,0.7920557287913934,0.646845804709724,0.3965712306039441,1
0.8087874523352795,0.6001654033409409,0.4561403484826347,0.1964744565425297,0.4934693533899276,0.3625763991101691,0.9057981320591332,0.4570548167347282,0.8389389537867189,0.5357292381463278,0.2280196701242599,0.6763220456974834,0.7695524864365614,0.5054399528800353,0.6253819885074513,0.4377447536243133,0.4974135403676616,0.703786515498726,0.1889841074884321,0.219537811240857,4
0.3353514371128699,0.8519011671357044,0.8026555989589893,0.5923631037596173,0.1511061869022041,0.1714459569800571,0.1879836966265572,0.7260605257573323,0.5882514688007375,0.659898134878451,0.0528836321727242,0.809612351744926,0.7461225868509577,0.1100496498993917,0.1383630161124143,0.2185040701944168,0.4046638790981083,0.8058254324827929,0.5995450443906221,0.4517818641835237,1
0.0884197754356078,0.4513417680841455,0.142889906641746,0.9950428305743824,0.4808514296865869,0.7354686210793487,0.4716580150493689,0.1495115209998168,0.567926520364619,0.2293847321143451,0.8871189053064977,0.6967607584319171,0.8739965622084501,0.8017700539182276,0.514129510839459,0.8055996231782679,0.1116555544134703,0.4361792173140018,0.2290542967622276,0.5885236875607894,0
0.8352197072178005,0.4696600593335134,0.4572043268992396,0.1198585081185604,0.3483684385989209,0.3258368082306233,0.9192423877665916,0.4375994473801194,0.9571974166066146,0.4271482125329299,0.1933256968816415,0.6047345289060971,0.6576990759901185,0.5158326900285746,0.695053965474525,0.4602670778606225,0.5937323544888853,0.6258573084230266,0.1436476229401091,0.2286174005181365,4
0.3846088752611567,0.3501368160978533,0.8804094903573304,0.4705459823738346,0.4859508884708423,0.5618403303930901,0.3472854297051957,0.6962431124646622,0.0975016396830817,0.8886261038357838,0.7062275266198351,0.0667476264222146,0.158434391228823,0.7943217207235811,0.7044436236069072,0.7022088063736405,0.8268022996273933,0.2204525783570471,0.5744592656248613,0.3877628241683857,3
0.8264403716418321,0.5566752117230623,0.39719249126793,0.1276106165700306,0.6509213411618311,0.4542324943697958,0.9020944812085384,0.3483655435117511,0.8500704848828478,0.4531666341261519,0.147253263593881,0.5817869667058033,0.8044923408552476,0.4913359259683165,0.6378331684804727,0.4918697733124756,0.517847102305534,0.5966728398432397,0.1548571393276336,0.3686069956978075,4
0.8408023384202421,0.5446663971833492,0.31737944030305,0.1626620112737479,0.5120647229710464,0.3543129769960644,0.8391020360498042,0.3873688899210573,0.8514897752270897,0.4558244255427457,0.165924213119618,0.5588058752923044,0.8299876388948948,0.4033877915004744,0.6824277269260707,0.3630750789623005,0.4716584161430525,0.6812742331218887,0.2012817840269906,0.3310239936315508,4
0.1603759654622949,0.3894290704802235,0.1815279814375941,0.9066870017653686,0.4126086468563056,0.726588407204113,0.4211550040763639,0.2464951367427016,0.5375190350335407,0.2829977517299911,0.8734985278077693,0.6719667499324793,0.8280944481339692,0.8336055501380135,0.5219388241772852,0.8874794896940776,0.0750279175201132,0.2230556847732643,0.2513815762503613,0.7201981616942703,0
0.1886815732655271,0.4575162067507093,0.0448225820511791,0.9380346043627008,0.5842795379583567,0.679981890998223,0.4150918238332427,0.2650552528945005,0.6351996203864333,0.2114821353704153,0.8178137077969997,0.7205861671309732,0.892562324754236,0.8195424879421457,0.4863805940605523,0.915750954782709,0.1565474859128778,0.2794243993782713,0.2182238288709158,0.4835261084554789,0
0.3539296287528351,0.9071602334687134,0.793577991605809,0.6266422404601082,0.316830362606158,0.1496482776581399,0.1952446431993599,0.7518930830830947,0.6273971698822456,0.6262497612414643,0.0112443729832401,0.860031336061185,0.8368048093387795,0.1664355378387342,0.172318702664845,0.2076296144645258,0.3581325575368201,0.8230536320807765,0.5751337945522175,0.5111130586604532,1
0.6331280003335753,0.2189194972461242,0.331690058351131,0.4134395785463976,0.8314785983979244,0.7953900173395618,0.3283378880847989,0.1062368551458377,0.5244435550768995,0.1387437946934709,0.5697233533037531,0.1425775326857657,0.1687303129973874,0.8203092110249257,0.8505571943203863,0.7016602053676424,0.4256142566896679,0.101013811029933,0.8468057009410127,0.6909707985152972,2
0.1681360302255015,0.4478744520184252,0.1126930214141238,0.8744313218107223,0.284098370974112,0.6707723379404821,0.452692354458415,0.2547989270329405,0.5649861112301988,0.2268620683723899,0.9119844918704074,0.6931406135315354,0.8882833275785246,0.7272959995584352,0.3288258666093094,0.8813125385387368,0.0509295588549908,0.3254145901215395,0.1987833378328903,0.7247290095551847,0
0.8405715890143725,0.5965925803123114,0.3541511026957774,0.1232779428679871,0.5699904316610633,0.32419282345286,0.953531265879705,0.2954588713877977,0.925918367281917,0.4883210258274556,0.1671446199863524,0.592931979761391,0.6374645669581135,0.437008611977635,0.723683100180621,0.4461975689607524,0.6388097952264523,0.6323750717817249,0.2291702111683999,0.1631861790578925,4
0.8203343934211385,0.5700439452536749,0.5130498143857042,0.1397548938934242,0.4689300314133178,0.2804187318728444,0.7890860465074787,0.4341364718978204,0.9042691072140424,0.4477179054378964,0.1848357724114164,0.5810317231298084,0.7262140733711058,0.5050244697033449,0.6510743084919179,0.5358355532931047,0.5365640294710255,0.6948512776341816,0.2361840254905993,0.223245106522132,4
0.9020403606372044,0.5293408810307854,0.3808363656491078,0.1884126017128407,0.5691231264804355,0.3630788114968741,0.8237321210468724,0.3291250642086225,0.9142249065305088,0.433903481207385,0.1689993187627129,0.6782563715538942,0.6762360351790329,0.4893023357351369,0.6761870626641466,0.4503664152028713,0.5546681007678854,0.6368488376604698,0.1395055244407437,0.2705691929307434,4
0.5677245364975795,0.1082706109374348,0.3603186303420454,0.3423979191917847,0.8928401487129471,0.8541192994033509,0.3434347357554069,0.1821098014168975,0.5862311269588473,0.1381269028569859,0.5353564182906089,0.1189060232386707,0.1324429754149058,0.8295035744386569,0.760202465188348,0.8207749899918628,0.3189481165283468,0.2823544575012227,0.9114160448324268,0.6766803700664863,2
0.3478673892457917,0.8780589513775715,0.8044538403232258,0.6380927206298477,0.2424479146923554,0.1932382139533862,0.1997043422391756,0.6621417700693821,0.6516632284369295,0.6816445179045342,0.0773164508553491,0.8725578336880879,0.8039003210313336,0.1068070982934504,0.1751992045596232,0.2646949360325242,0.3103991584194901,0.716268976580255,0.617265892766684,0.5880337936476553,1
0.3980846009906131,0.8844429824220933,0.801362002704771,0.5327347307463578,0.2010314528922199,0.2051354694850237,0.1701561914840973,0.6522013218828641,0.6102161973066056,0.714111315964881,0.1645158446539242,0.8676738578831811,0.8152339008913243,0.1027831620735618,0.0461522060407419,0.1012827807054851,0.433315350807019,0.7996151728774504,0.5904426255379555,0.5129575584970059,1
0.881924093956451,0.5646059867821694,0.3943333827850898,0.0941953328825895,0.6066497682508971,0.3760269659942855,0.8562031582182771,0.3356053008555502,0.8110215458483697,0.500393735347623,0.1970397373963596,0.6477462086763885,0.6879437659524071,0.3968749507067883,0.7210956773474513,0.4478437374133259,0.6284786856184521,0.6430602779469509,0.1818085575939848,0.2947202398703576,4
0.7061177886123359,0.1281944743916926,0.438749568712491,0.4284477092048915,0.8557180028452052,0.7582491530102761,0.3115782185125823,0.1572597520460067,0.64108611964827,0.1678470246971606,0.4979815804432784,0.1379833659957539,0.2151232183592855,0.8669497591719574,0.8897146354421923,0.7723490227379483,0.3690259810960407,0.1756105890225359,0.7977836795437082,0.6961679931501219,2
0.3008506733248902,0.8770011180538291,0.8766683891231658,0.6145261219633943,0.2061334381626105,0.1404106388089377,0.1632723029892625,0.869067314122142,0.5118953467250356,0.7097069973467734,0.0521771262785913,0.8606807930908437,0.7622469261728172,0.1502872231330533,0.044804952136467,0.1687617780291288,0.4568579217494384,0.7156674824867264,0.6118328720828299,0.4772308957228885,1
0.4097238490277047,0.2825743537643732,0.8747384681054399,0.2791190032381662,0.3390841730637871,0.5934220105959911,0.2934453127670124,0.6890882886629658,0.0888570958940671,0.9056814629230262,0.7762984388296191,0.2049266838854357,0.1587399787193086,0.7132756377601794,0.6644679700158942,0.6837202030447843,0.8611695796975197,0.1890048575351467,0.5251158869110035,0.163837601317199,5
0.1305038594567509,0.4414398811616413,0.0665929858688876,0.8872293995575261,0.5781552228317796,0.6413567724248667,0.5302391115055232,0.2114435496561007,0.5649622805455645,0.1883563800292926,0.8415991383507981,0.6699716495267948,0.8172324736820653,0.8073337475552126,0.4910417594854558,0.9573085897498675,0.0684386588085764,0.3467503305515,0.2255036922741,0.5127483383795042,0
0.2993768426121513,0.2384622341254788,0.8859945766969731,0.4109465091755369,0.3276030460911427,0.6487047000724314,0.3035714336249047,0.7043331002918517,0.1984979956739156,0.8858877231317278,0.734538461260331,0.2324390295281007,0.167128845083175,0.6951768056873479,0.6415680454748683,0.6448614606023354,0.8608015492688426,0.194961301906711,0.4595359733259498,0.2343605440348501,5
0.589405371297728,0.1327800299171302,0.3310758300715762,0.4258132665998049,0.9287273899611188,0.9128154614043624,0.2597398293050864,0.3167100643061966,0.5905808027162868,0.1478380470869231,0.5435097575872859,0.1419483350089026,0.1762472415337659,0.7979045070969919,0.8846928588388027,0.8243375374934373,0.3453560126250545,0.299853493578325,0.8506637447274161,0.8606055191765737,2
0.8664695944859456,0.5783288354752864,0.4227247976578731,0.0765534174701827,0.6885918514137962,0.4482354683610599,0.8871324185290246,0.5919748620814228,0.8545073595762619,0.4760075775943317,0.2493362985293113,0.6157906550930586,0.6658097039604858,0.3950046320627084,0.7737059903251324,0.4202613703492969,0.5698112043051241,0.5939119023702107,0.2429575008031907,0.1623908388015953,4
0.0646719909394328,0.4271610949120296,0.1517019309957467,0.9091386251511622,0.438501938775251,0.7313647109694219,0.4509620651883548,0.3225236764676367,0.5630661216015934,0.1749249046382744,0.9391435541491964,0.7085548311291802,0.841580974543755,0.7503730212253156,0.5310733027992315,0.8600355343527657,0.2096924534169225,0.3037934621128714,0.1742342165136715,0.6773758704425842,0
0.389443190590846,0.9217954570548564,0.7394926650451371,0.6660075846331736,0.3535388279865626,0.1519163477709294,0.0565983466296666,0.7126080782020707,0.6696376846369615,0.646356288000404,0.0708418402373933,0.8504588150537256,0.8109651358153387,0.1504706225845221,0.1123095915458955,0.1284239513417139,0.3282781861001145,0.7458252475143848,0.6864673193173113,0.5061480347630816,1
0.9020986946614068,0.6100683241435765,0.4418592904890047,0.1399124157605994,0.4333239599001818,0.2960930928121665,0.904146389562299,0.4751924866957123,1.0,0.5011354064151293,0.1415828014007873,0.6016756448690102,0.8094354200705598,0.464913684885011,0.6786936273286441,0.4013563824152829,0.6575153957692355,0.7013955349612719,0.1529085914684446,0.1461176581794264,4
0.8681767918716016,0.5607043410044454,0.4254075523923278,0.1026462354669462,0.6536909088121111,0.3940623699088313,0.904383145127048,0.3987319260993311,0.915030240849498,0.4808630891740324,0.1995595177784057,0.6799466175164021,0.7811017784672182,0.410914762318976,0.6234565914942609,0.4130326566475188,0.4996380351614803,0.666823315247196,0.2239554001411419,0.2234830931389557,4
0.7056396489082435,0.1088688877511494,0.3417594418683042,0.4194335326110594,0.8748329403479844,0.8215070543112025,0.1702840384897111,0.3216075631261864,0.6384967530455077,0.057161964677681,0.559475121400021,0.2055981387722463,0.2230978827171851,0.9205243057969338,0.8501873429156137,0.7616878754397994,0.3447303081418944,0.2781789104623829,0.8170788497488645,0.7190395878485046,2
0.3966988298016064,0.2925128686043101,0.8362809838987287,0.3603804476090076,0.5578622514880015,0.5791381149446121,0.2755514433799945,0.6327012398350643,0.1706521930812689,0.8445825416266003,0.7088727961454686,0.1983470629503846,0.1658545061314293,0.7122793213201195,0.7057720140086552,0.6909681365687518,0.7808899505898379,0.193150405198594,0.5121314803290141,0.2892016902401018,3
0.9065823912719112,0.5754091329205195,0.3746560334311101,0.1382860111642206,0.532232512180286,0.3532692541728883,0.753245444160405,0.3322877967871779,0.8351947950393754,0.4656569243838122,0.1971662447512287,0.6627303431925656,0.7307207783260005,0.412786667659892,0.7390646920563718,0.5114779161046096,0.5135696043137227,0.7011359047868829,0.1675930294158264,0.2492115363883542,4
0.1498925887092578,0.507322932077113,0.1314210559634892,0.9077960746180074,0.5451540095284482,0.6764460588003411,0.3960873646574769,0.1422321803527463,0.5689771143467738,0.1668771219661887,0.8881437756890791,0.6927814171354856,0.9080202420898472,0.7840678220767643,0.5050630099316306,0.922534080701685,0.2016277685654618,0.2932317250641089,0.224574993836431,0.6173816814041168,0
0.4359767783214921,0.8340384365732335,0.8010364147667832,0.6523838785419832,0.1497112555898502,0.154386545442753,0.0,0.6838693981567074,0.605085591677389,0.5965016163956907,0.1744409217712099,0.8039008970897142,0.7621543336922175,0.1245181080905096,0.1945456148417136,0.0795705289767596,0.4162006833085729,0.8141875438404997,0.5522623774552504,0.5765454884125907,1
0.3855957360735825,0.2111394302408483,0.9662812149405984,0.3536877966180141,0.3271688096723475,0.5703814838927617,0.2107153459000271,0.6635399902365487,0.1641503914720204,0.9055622328479744,0.7466455654459747,0.1475280934379423,0.1208672480690706,0.7590768864904962,0.5328478540182319,0.7065113336831274,0.7598022695224169,0.3075079976780431,0.507924119551795,0.2266193756385701,5
0.6821793833273097,0.0618517616381518,0.3998295136585764,0.3669060273124929,0.9385979034919713,0.8598277589129554,0.2859268128498018,0.2728204525762063,0.6443909362440591,0.1514922495875722,0.543680253038865,0.1112858460081295,0.1656493563388006,0.8701930980323981,0.8903028037080585,0.6573019889990004,0.3670630258670138,0.1721135087428633,0.8158635808054034,0.7242413249143423,2
0.4004483748582776,0.8238152676602085,0.7881054678101388,0.6523231648960669,0.0717024061786685,0.1904731002773865,0.136352603333078,0.8090067279614193,0.5753378113015324,0.5771831580782169,0.0455267530451923,0.8722956180269299,0.7888481369110399,0.0722489278079301,0.1570803146373764,0.0648006435791175,0.3485496074707116,0.7214831802181978,0.5732455400151322,0.5434130584709986,1
0.3243194353166191,0.9038360665912574,0.7882302442669126,0.6452693194482475,0.1207377310166334,0.1097039844741876,0.2075145823587323,0.6875141000003148,0.6373056332665618,0.591909081945814,0.1446283494812965,0.8147443739289705,0.7989872309199171,0.1548722908005576,0.0952332558446954,0.1749190003575734,0.3605181354425704,0.772457583857409,0.5524075766785956,0.3715088017424733,1
0.5974164913123445,0.1233080031382731,0.2547586180906241,0.4744425436181085,0.8653970428523576,0.8743964434896643,0.3321336812401985,0.1171359417218665,0.5788864403860667,0.1579313420267786,0.5407131808641784,0.0199864634350586,0.1540515924006199,0.8653717150068263,0.8611518413421176,0.7933828680388745,0.3937164104201515,0.2184638650959875,0.9183988384810512,0.6583435434760037,2
0.8006651319237885,0.5630838572875725,0.3855619320461945,0.1527708340089445,0.5877873775839861,0.3971585447085071,0.9283267466450263,0.4293374838848334,0.8946120434058842,0.4162355901529146,0.1576233457059598,0.6763815602629107,0.7546546792961064,0.5187842087110245,0.6485141829850406,0.4906338260469709,0.5206106275692225,0.7524109709445086,0.1814050454600643,0.3613739941173736,4
0.3747143153719576,0.8134791993748598,0.8336528739439215,0.651180898563072,0.3092075603693476,0.107164344331744,0.2490277593440713,0.6527397736418176,0.6348873275198303,0.7350355702444863,0.0684787510171238,0.842147411887431,0.7825083635164325,0.0942517621061834,0.0482002925741368,0.1507171106690177,0.3014252309979525,0.8459828868007351,0.5574659416452102,0.6661336445524303,1
0.6864316392229214,0.1831617189341351,0.3750400751749733,0.4273285286545928,0.7070419636773564,0.9376571345925708,0.4321425145361735,0.2555903414443368,0.6744325485342738,0.1008864546756225,0.5535318407571849,0.1351001126652929,0.1834159366335669,0.8491724792493701,0.8821971062317787,0.7803731470506393,0.3021851353973392,0.2332593240671109,0.8996252993729464,0.8022371056039832,2
0.8463989502338382,0.574538172256874,0.4472898173884217,0.1767111885232022,0.6726127628491909,0.2501934086286452,0.9351776613326086,0.4544843266019437,0.8335933214876579,0.4727057550364114,0.2307830166373198,0.595340684696524,0.7369254359911365,0.5238382533124759,0.623605367313393,0.4434689571917293,0.5946644421555589,0.6114300576172248,0.1508997617760568,0.2161263698364861,4
0.7830438320911407,0.607572450812759,0.3246785247045588,0.1168539801796918,0.5280082188744765,0.4069900215197157,0.8321233733212939,0.4636245208790528,0.8760668658951949,0.4761413815020728,0.2308647250821667,0.5740521167979583,0.747147773817196,0.4474443837057986,0.7300458016199296,0.4695759749608116,0.5674723414499315,0.6293388895416794,0.2348302271660583,0.3367957837494924,4
0.3405800788201284,0.2550662583692669,0.8788931105223924,0.3986407118513856,0.5932922912476248,0.6720103908845216,0.2200040179597499,0.6700316462023561,0.1577171279262913,0.929676621411212,0.7439283627008138,0.1753351899421766,0.1433807458941121,0.7682717372051838,0.5698742895601983,0.6899430313567072,0.9112443436370736,0.1468068488582291,0.5416197647467482,0.2207224139693078,3
0.779463304914859,0.5138331573992879,0.3525915570929808,0.2120055819393812,0.7395207917441234,0.3547696479813698,0.8985462231377436,0.3885385742272044,0.8309192192102344,0.5135041465638762,0.2663366077515529,0.5946139913617327,0.7157405933615285,0.4538432431380869,0.6525389962157698,0.5109028976129807,0.5106368127095866,0.709783585612571,0.2343069925698221,0.2200529502942607,4
0.8908961913206288,0.553539214500058,0.3701924498460775,0.0967420959176312,0.6144834171845664,0.2793455197575659,0.9232286564879804,0.3307809977967148,0.9092385479543708,0.4634532870376736,0.2432672787120773,0.6865987644735075,0.7768917169839124,0.5528213865029503,0.6786780469831188,0.3891020389061574,0.5284068848507116,0.5212250348062312,0.13939464338002,0.2346002477274489,4
0.2130825262529756,0.4986789555528006,0.110815028169135,0.9630338767015976,0.2125700338162532,0.638831692986163,0.4792488861832207,0.2257166321373765,0.5927498940505461,0.2333150022611431,0.8959832194063607,0.6528056547873895,0.8870585202095644,0.8693304706364658,0.5662863131854047,0.9648662057986324,0.1407910576586644,0.3608605799374244,0.1381419171723359,0.5540406376803317,0
0.4334057429109304,0.8707622651920344,0.7852816232749159,0.6453399958890764,0.1513448673356414,0.1627766499130856,0.0629542471597032,0.8253995990081581,0.5412821277287179,0.7067108803185769,0.0965872381326127,0.8662972673740494,0.7527857893974664,0.1082340044282405,0.1915220166513685,0.0212951901420347,0.4198346364000981,0.8357782000847379,0.5448414313098062,0.4455051902347345,1
0.6174939805453098,0.1912515202453127,0.2697139287525961,0.4231710596503462,0.6846751675622103,0.8301270624570736,0.3459858149357543,0.2295342255701338,0.5605202236672601,0.1292831525875368,0.5226021915777955,0.1851306713123148,0.1586309063253828,0.9316423206948348,0.8330988768936253,0.727838281421912,0.3151176459746455,0.2584880670146005,0.8236425496637395,0.8434916208842291,2
0.6258505080697282,0.1362613993354621,0.3331826270244404,0.4100770800574325,0.7995467489777511,0.8752432481519299,0.3121605629074986,0.085122450991946,0.5875754524800882,0.1548495803050399,0.5707408366788126,0.1294240713956135,0.2064958981653943,0.8342206047832423,0.7891446014045707,0.750178597183936,0.3275235048282212,0.1227914517841134,0.8500628314501676,0.830673535707356,2
0.1611957067236665,0.3983022748207816,0.0763863540530749,0.8430287338333121,0.5011211417239926,0.7145211812155422,0.4400521560640475,0.1443286126828931,0.5490169383927732,0.2044888356253807,0.8890836597849748,0.6473936312365834,0.920278119044505,0.7339876097899093,0.4779404172871114,0.949341173126968,0.1058310430849523,0.2491638020265755,0.2191509078917036,0.5549712844304282,0
0.3585887902727045,0.8790541263417759,0.7740253221573462,0.6398332725211405,0.1704106955667677,0.1477084039193808,0.1157882936625028,0.7532895214171672,0.5748219281265254,0.6030527133476196,0.1188997699516533,0.8761613150235441,0.8073886932918604,0.1043765766015044,0.1448219285989258,0.174631199516864,0.3756026331662002,0.7565441213334733,0.6137552198008448,0.5644441799934562,1
0.1240073880057417,0.4465658907433014,0.1348321513215379,0.8815620225451325,0.3214475484208273,0.8694206010082721,0.416912120265321,0.0584467844679886,0.5207217042862423,0.1826224963243843,0.9044449520014384,0.7024665034299877,0.8788815012166159,0.7974191442946701,0.5019780131751759,0.8500727592632231,0.1218068713307437,0.3909665019584136,0.2282194604367529,0.6445737851169785,0
0.5744743004317976,0.1702433839897245,0.3312958653287428,0.4262021018832977,0.6716853546370428,0.833935492994092,0.3983453847576628,0.2192634020034984,0.6121226387517223,0.1454097172302131,0.6305549303073618,0.0585571247620985,0.1908999255824748,0.8615509066981692,0.8658956513575474,0.8114709438149262,0.2933590667914584,0.1213785618689003,0.7597714890891987,0.7305540297493999,2
0.7583144569584502,0.6472518504497149,0.3492902792992349,0.0879522596272125,0.4983458497986112,0.3388041215642412,0.9613820265373456,0.4306020495276375,0.901684923661509,0.474722762284986,0.1992648664009172,0.6474012855543364,0.6452817685115234,0.4657279195564207,0.7300414622206919,0.6404060618901639,0.5175617317462092,0.7019329936780415,0.16310542982544,0.4038343230077125,4
0.5865310037753626,0.1247549459141356,0.3548109606127563,0.4359117624844146,0.8013089547607761,0.8409802322110652,0.3260391822875124,0.1773420151139236,0.5881986936498671,0.0404300662601218,0.6214952145054691,0.1557985701684709,0.1381962061091715,0.9633618468276092,0.8610464282999134,0.7068519929125663,0.3954173726845033,0.2292607919901288,0.8768153116868869,0.7578059823253397,2
0.4371634813231749,0.3168648054262737,0.8188046623900087,0.3279603324657921,0.4107147779561217,0.6410136879413247,0.327174570248384,0.5872359923020195,0.1416012908654353,0.9411766891790636,0.7357620463824421,0.2288588500329699,0.159135336930166,0.6903846610349931,0.6060997781808914,0.685097415803645,0.841067702943146,0.2284609603168508,0.5489994772507216,0.0,5
0.1858346978706973,0.4688071130000399,0.0589576957081769,0.8445195469319694,0.4273813783659937,0.7317981116877329,0.4256304489957419,0.1976532027168027,0.5343751735756068,0.2344914902340051,0.7775315762421915,0.6396066624315796,0.8385312020847691,0.8788858282617953,0.4748067640644186,0.8730058109628867,0.1409260715857128,0.4393824270367428,0.2828213836976883,0.5870259130349169,0
0.5810489283513837,0.1707721163979803,0.3800968166644192,0.3680811467006853,0.7493769355106616,0.9088730919054272,0.3538428577836331,0.3841928889734616,0.6591989594384642,0.1669713042433121,0.5241951955548811,0.1719352052157942,0.1623731532602834,0.8468936964358378,0.8611391422062425,0.7985747550981414,0.3810698823553295,0.1388345372430389,0.8972661435855469,0.7382532459173593,2
0.3642820569948187,0.8318675294057782,0.8352686223077502,0.6906728647131525,0.173962299284091,0.1243727981508795,0.2020969471518776,0.7359472575810754,0.6057028935751493,0.6746865283268367,0.0320601421962648,0.9346991051566486,0.7801118151929589,0.1005046055819941,0.123831098552485,0.143234094432325,0.2584927235883641,0.9219254528906092,0.6085692030942635,0.5717177094452978,1
0.3676163712423393,0.780878928109657,0.8114489571234516,0.558834018872219,0.2338572354626503,0.1722505140121644,0.2452692071447996,0.662634601135489,0.4747237959006929,0.6565369292711175,0.1792678308819542,0.9243841313981448,0.7859977655232994,0.0937820828821112,0.1627497028698884,0.1021911400497109,0.3761577737284437,0.8494038001792055,0.658709394635305,0.763845874833932,1
0.1912346939792174,0.4427113175320172,0.0655532581324457,0.8783172987496687,0.4147747346044454,0.6878269154488558,0.4321233240296148,0.2575524042149257,0.5557877819489236,0.2312149931554366,0.8034698193127628,0.7078783812502918,0.8611971419654223,0.8991795245065353,0.4661671356277777,0.7830807471977468,0.1603247947339147,0.3624440473703133,0.1644872908490338,0.4570055266181329,0
0.6810750935657107,0.132638095466881,0.2868199995673655,0.443124783433608,0.6710670524693371,0.8258659814114424,0.3130264283852058,0.2150533298735692,0.636064799289418,0.0956369436156715,0.5729939069063765,0.131326944425877,0.1735842205648171,0.8776937843336114,0.8806008451380043,0.8013312704724144,0.3715748201588779,0.2256868982672587,0.7749173097386002,0.7991100137834017,2
0.2023133809068056,0.4303860997182231,0.1451979363562232,0.8491608219502056,0.5637539216659443,0.7308758655698047,0.4953649987300919,0.0950154556467748,0.5941589803111916,0.2350798903187549,0.9064103801751336,0.7370865455289739,0.8634085792441324,0.7859753058485492,0.5518454254183276,0.8638329294562598,0.0865272869648565,0.2697346648636982,0.1412309518522537,0.5445593224455154,0
0.3494390319562471,0.2455962454739134,0.9836309049177848,0.4395063505095263,0.3239679548483518,0.6707264608131748,0.3267753590743598,0.6342300015219012,0.1453267479140202,0.8742605134246338,0.7925014777226354,0.124525645687146,0.1235501799302265,0.7155579256149124,0.5501389030143179,0.7800586655279156,0.7731708767009616,0.175882827459909,0.4406955610587216,0.2068929521610174,5
0.0582072957053852,0.5009272301061468,0.1498800915836755,0.9735374888290416,0.3514011446972594,0.7519235812435525,0.4254844366486683,0.3264029189469507,0.6084181474617477,0.2403374749672396,0.8582418597411614,0.7422818815632116,0.890381709090362,0.7840585640680852,0.4530089074290831,0.8556636006310648,0.2078511678684316,0.4193199739049081,0.160150743538228,0.4931583427869423,0
0.3910596938410751,0.3046228431935273,0.8622463006313121,0.3564723921160198,0.4378537533797415,0.6586510532221161,0.347329290505415,0.5039799867862125,0.1786819573013401,0.8787364734386977,0.7554552485057601,0.1354129229476457,0.0509157686084148,0.7656835677478024,0.5682102408053916,0.6125486738480385,0.7666008413611298,0.204709932312552,0.5356057113897773,0.3116984162411132,3
0.460042200903977,0.2646923778326194,0.8051288027892128,0.370652814485983,0.4544750590972365,0.6102498809100033,0.2079654492062048,0.6049215022246202,0.1535880506425553,0.9063214406265456,0.6889993311916467,0.0991547926958884,0.245967920289501,0.7776483333232367,0.6031682284251161,0.7222462880790947,0.831892145173177,0.2251732534984597,0.5415141733005233,0.2504245787350943,5
0.6621947622552724,0.1219300151986674,0.3254022726330268,0.3862741448684859,0.8214723745059266,0.8430825621660001,0.3477211146422324,0.1250336200652153,0.56779760787126,0.1216636795670783,0.661637233931711,0.1335547372339847,0.2085329844820344,0.8818390787649476,0.8349827943164047,0.7466684725242727,0.3433587679113034,0.2371054637542429,0.9255967375645112,0.8207770765949356,2
0.4022732677949879,0.2338340979039056,0.7987991373365841,0.3423456856302535,0.4978269276754033,0.6585619552735473,0.2673814734247648,0.6816677909581027,0.184055914047325,0.8026973457554084,0.7340106567822567,0.1593576658696293,0.1360882351567937,0.7145021814653789,0.577870842435406,0.6879712263288957,0.9178253047723172,0.2240013910506064,0.5020208928998203,0.1367751021419805,3
0.369980651790239,0.855997190984893,0.8374670709794323,0.6268514550412594,0.1663200287371732,0.2602443447247164,0.1792646658802028,0.8137840964970114,0.5858294506956602,0.6623108008879653,0.1219130137005539,0.7853973358998568,0.8568639698109499,0.1858630960847757,0.1075314686889431,0.0929951597236309,0.375209509603993,0.8252355847881628,0.6239682379642577,0.5531765056311508,1
0.478511979526049,0.9205579438605488,0.8292743164341488,0.6421495290131897,0.3043723458470216,0.1305210540627015,0.1284872185309622,0.7659808132188265,0.6028092711416462,0.6301010467601114,0.1389107995897711,0.9158242434347864,0.7802975811672621,0.1975188708538429,0.0714772512867617,0.1345664058319926,0.3173760893841513,0.6751014723618358,0.5997708701810925,0.5227407616558457,1
0.8961612030796241,0.596618035429841,0.3768281710738371,0.1375245071717071,0.5745221509872032,0.3508813450369791,0.8932338086782545,0.3546379885969274,0.8542439856339643,0.5510349422867055,0.2408601186575753,0.567889894309727,0.6248496045801059,0.4827704566754422,0.7157736660218228,0.4228313135063523,0.6271089317638346,0.6723327449602917,0.1871697796644077,0.2934039181826317,4
0.2774650152212,0.875974739945017,0.7529066801410443,0.6558873010297851,0.1564032076716622,0.1535440860372604,0.1996703604458144,0.8191814249742099,0.5555498971681725,0.634745712189253,0.088743810736315,0.8433178967751632,0.845176917000101,0.1441089959610306,0.0648826229858661,0.1899524379778215,0.4647861377734087,0.8893544170442459,0.5308718039374299,0.5014551538241133,1
0.1162254399425269,0.5555610361788411,0.0585718239553474,0.9061299636752046,0.4242793860052771,0.7067023468227875,0.4414730489743781,0.2245859819530595,0.6040964783305557,0.2574361074236111,0.8917952657889993,0.5470401069629034,0.8762049415132298,0.7326860074989973,0.5418898676756487,0.9413336226251444,0.0834488407318649,0.3220238491345921,0.1833326256742796,0.704412526752731,0
0.3375882344504198,0.8862250343591628,0.8445771040080885,0.5186640103643794,0.2774982398478891,0.0257737807142952,0.12185816210473,0.8880683039596198,0.5835714050130248,0.597298067119778,0.1056052683462021,0.9648782333476498,0.7034139964166547,0.0666645920308055,0.1996079112332287,0.2355778758940014,0.342205265485256,0.7221383782902822,0.7056761574679185,0.6712927742302421,1
0.1209834480923763,0.4246409883689702,0.0910586637197071,0.8480609979657467,0.3751951014815107,0.6913865759231451,0.4495543480111618,0.1098653559345369,0.498991578014242,0.2468857906995301,0.8392745027862372,0.7399506562597573,0.8715702248727052,0.8523684580498997,0.574787205042635,0.8471047010563156,0.0992938013988687,0.4000760683154844,0.2387399733200333,0.5785590360750135,0
0.5736811755992095,0.1118856590759816,0.3783776851968018,0.3258042798283767,0.7772430971362926,0.8624232047467981,0.3081700614822439,0.1051910424458859,0.6782715408956357,0.1317434031752237,0.6419091868764413,0.1253739920675655,0.135410782209551,0.8870488869098685,0.8509894442125724,0.6982746232163619,0.4286067208735025,0.1528168125819994,0.761530262643744,0.8913523830115533,2
0.8410516548313071,0.5601562598152507,0.4206479250255213,0.1099822773143474,0.4205025774334171,0.3305302078688742,0.8646646937655497,0.3674785773341438,0.85159642687764,0.5081925829271905,0.1713733843541574,0.5806526837349177,0.7032902355455731,0.4842527236958868,0.6114419296921192,0.525421543474873,0.6205637104977335,0.778059184653668,0.2165875133763964,0.049375285769787,4
0.7346571663108243,0.1529595509939106,0.3224486373901515,0.3414763890670741,0.7789584615218634,0.8345940132893305,0.3283395987272365,0.1990571381456911,0.6368794210160453,0.1088589190528708,0.5036882375739605,0.1252380727158068,0.0734430467003045,0.8931273633992716,0.8064277432025071,0.7628098478724376,0.4150391702513202,0.1333327317416432,0.9092086366137908,0.7559774864107307,2
0.8204476970479584,0.5718231309396831,0.4226166183405667,0.1212478872209229,0.4151715227298668,0.3433522759680532,0.8421321929430411,0.3910446003184368,0.937680817422558,0.4530040690846784,0.2610727940662879,0.6984358089954319,0.6985521120230939,0.4208527106036859,0.6673925100226183,0.5088805511940703,0.5513056653193582,0.7369039886981571,0.2551461779029793,0.1614452692616458,4
0.3811187411896632,0.2836115310245793,0.9019528703064846,0.347476087029015,0.4652722454686165,0.4009461365631589,0.2729169103172574,0.6320128451616419,0.0819893299782038,0.8785427877888637,0.7628892647938836,0.1395065397113459,0.0801744017186684,0.7469691013847712,0.5510815639431489,0.6505945042057486,0.8997061074438002,0.1629843479643761,0.4350591295092121,0.0937261312121404,5
0.8198892628402585,0.6221682266327291,0.2887972992086564,0.0675371084449103,0.5149814581219424,0.4289713268573684,0.9007098265603781,0.312245955878369,0.8189914498998848,0.5292637143749445,0.1637133499197333,0.5917420126332021,0.7800208681411029,0.5243649415627593,0.7310364158424335,0.403162314923819,0.4964119522533306,0.6876670265973437,0.2142676999022475,0.2639345665230813,4
0.4868922029706664,0.2545601635193869,0.8345197264645949,0.3487484460807543,0.4867297575151229,0.6051187809827172,0.2349868697351907,0.7183841705589111,0.1494847718209766,0.8703944734435948,0.6791832762400725,0.1423508436941249,0.0201172287976669,0.7476772481058852,0.615478315584358,0.6919742528707565,0.8625514159098692,0.1866147503504147,0.527875063147884,0.2434791693143927,3
0.3773663201886305,0.8731563463917748,0.7621653481450327,0.613817481040936,0.2583506485874642,0.0676309852105188,0.1023473201892217,0.8130798002692766,0.6219403470682354,0.6401285777685793,0.1121196471646436,0.8900870903735894,0.7516970392842998,0.0789401599624169,0.1331283381084034,0.0945477314930985,0.3785884234890991,0.6908678594863096,0.6583333488049761,0.5776255164947225,1
0.8807623917986839,0.5220669565175757,0.4669865434566138,0.122567117804673,0.559055838710358,0.372895888857505,0.9190281089177932,0.3002243795187857,0.9153347499283492,0.4714851163023926,0.1595891980459536,0.5993125757697628,0.7074442744379215,0.4103677401521597,0.7562293583688398,0.5187427256529836,0.6024842303510581,0.6587706544668948,0.1871128515272291,0.2916084102563185,4
0.5548879936511498,0.1388032612094741,0.3032325775661857,0.4506212755792547,0.9670844863166108,0.9368599549184567,0.3892018274731353,0.2092575986290903,0.5875965703918906,0.0615841083789395,0.6648589094021534,0.1533836647352216,0.1441721617965161,0.9456757172417772,0.8158689706924475,0.7794555623626879,0.3424791399090819,0.2441661397058501,0.8544618290517716,0.6617527118235724,2
0.4084314661139218,0.8810194206844981,0.9226558521295106,0.6697852947976614,0.2199996790978158,0.1059362716223234,0.0878295322384068,0.7751915382954064,0.5764605768298283,0.5910315238006152,0.0836971929435076,0.8239734395435743,0.8426144237240888,0.1649618792343514,0.1258213551350498,0.2224446074909152,0.3543494662428019,0.7508385108090583,0.6838312149492892,0.5783185602148692,1
0.1408614768685756,0.4857279459454846,0.1383027728047996,0.8255950592479254,0.3179432702494237,0.7184535580461209,0.3560127151921911,0.294482490736979,0.6023642047192587,0.2474759188214311,0.826790514037876,0.7541927289205862,0.942248393713814,0.8245785992379949,0.539238522053405,0.8771687870495231,0.1621874368755468,0.3294324490019085,0.2190733336572891,0.6733935869557494,0
0.3070060720882284,0.8946600358722082,0.7458781066253224,0.6047188754217437,0.1875825876713023,0.1174176546773745,0.1732401879896704,0.7452365762693643,0.593295002696241,0.6188003047927189,0.1246273848724215,0.9442235333130298,0.7837909274567948,0.1696549805522537,0.0555060845943326,0.1581801181420751,0.2956225786951316,0.7099250832842612,0.5681630378202355,0.6314049414575266,1
0.8798120247166549,0.5996185952705534,0.3663787741520951,0.1687124353335538,0.3865208260379012,0.2482771279598592,0.8206959201295326,0.406485586109301,0.9082094653797048,0.3431548117290176,0.2442140023588664,0.6436051053695836,0.6546975927755179,0.4822032880390352,0.7249257773545438,0.4794829313965953,0.6329465881301002,0.571796972276258,0.1740488274394269,0.1393677391063062,4
0.1291830729035249,0.5241883361724732,0.1355656710796574,0.901239185357835,0.4193871804041293,0.6768393211546071,0.4142320955672032,0.2637718756655613,0.4931358566052411,0.2603964605629438,0.8587690125284563,0.724658405874976,0.9018909609946228,0.7322156762340952,0.4865617350752579,0.8305747917227956,0.0340575514893464,0.2633981014742866,0.3396452250591342,0.6474053617464987,0
0.6429115000017703,0.1355698208880949,0.3624727210788428,0.425034770165159,0.8733114234530626,0.750506066172781,0.3656753143930157,0.2064178971905576,0.6351820303416081,0.1556738367056664,0.6464528326373793,0.1992562393846221,0.2164899278989771,0.9467809960590944,0.8684521472715457,0.7567361905762756,0.3947888944139768,0.254914636272847,0.8404126430467782,0.8243545859856128,2
0.5231015905146458,0.1082813555934732,0.3920886613372117,0.4372243444060731,0.7602618247291671,0.7945426347886457,0.2699061359642408,0.1933047731758242,0.6357058029448139,0.1635529351003306,0.5637749524315933,0.0825418595347896,0.1787658797940398,0.8264243436350059,0.8303476502374134,0.8223940618051016,0.3987924301478356,0.2035596217088151,0.7923522371969907,0.8019189458834652,2
0.3654856611256357,0.3110113166170951,0.9151364089454636,0.3676533846811715,0.3300707906221035,0.6095604135322545,0.1742708885639501,0.676533631916671,0.1039891575353971,0.916298394599386,0.6994867061209887,0.2096556459433413,0.0991324281312253,0.7876564575763683,0.7113394771126024,0.6307835561051401,0.8538418885692001,0.3654524873773743,0.5340339518792736,0.2496095915282064,5
0.1370319524294976,0.5245029346632796,0.1542556648470383,0.8969231372792922,0.4452650226140237,0.7287176281844376,0.4613790130165096,0.0927041249454115,0.5504522239040878,0.1732028827548228,0.9234345236481448,0.690400131331057,0.8540464908646789,0.8647432068057158,0.5318396373567231,0.8101078275837075,0.1245692557912365,0.3169791625365277,0.1285790617851805,0.5328810938408844,0
0.1328217989236215,0.4523159765183452,0.0649325784598708,0.856372548211913,0.3263629206682327,0.6998549033466785,0.5504657588209649,0.2375914621725127,0.6160697396692467,0.2553384974792875,0.9187720333025124,0.5604853463039305,0.8512801942722088,0.8917058895023824,0.4837525175321067,0.9551311784236752,0.2022328516131006,0.3017547775763796,0.1904435523174055,0.5094366891658826,0
0.1177229423167273,0.4788373419747278,0.0401996536763293,0.9466220358174916,0.4827305294870765,0.6479121040461587,0.325946053061371,0.158188642078667,0.5561974206333923,0.3362145845230367,0.8971347550430729,0.6064221692413688,0.8313882212772983,0.8160709420097104,0.521614296157185,0.8033602942648806,0.1195103279009903,0.2878111962724804,0.1624284398019159,0.6121760892392553,0
0.4679775173811222,0.2037454290674425,0.905838004577076,0.3976555288772379,0.6418759021792091,0.6024631995357524,0.2417332449608988,0.6460820855575026,0.128334565552636,0.8220409059761709,0.681488737600176,0.0807621274619912,0.08057372063833,0.7501651274681509,0.6300864508940498,0.586456478019328,0.8292145904254574,0.198254576558336,0.5265142832781257,0.1875735385269979,3
0.5956698846271036,0.2005528682640963,0.3588601739962128,0.428714703974325,0.7674065977184236,0.7955103456610635,0.3192524799858695,0.2516644832405418,0.5718149653791526,0.1157782287112162,0.5451909142584359,0.1874762310190039,0.1541682750724277,0.9450450306352656,0.9316266325152318,0.7514854213611407,0.304901154823304,0.0497011942664883,0.788769757769184,0.6747883401039382,2
0.5815836088780387,0.254614029897126,0.2302301308942776,0.3969054442969448,0.9643673037414244,0.8535680299431639,0.3699177257349707,0.2241262355911892,0.5734170398960252,0.0402357946468326,0.5909622991203367,0.1037667447532409,0.1318327363563795,0.8471281448062531,0.9394827635935428,0.8745686137218759,0.3682201510193557,0.161946872602494,0.8003896781160637,0.8286612105566005,2
0.1362864570447169,0.468095644602739,0.064573208689516,0.951478817028616,0.4491155007406786,0.7390260053985553,0.3943648364739335,0.1907139202487998,0.5511096222816236,0.1766115277824604,0.8071436667578968,0.6623380024576639,0.8821392167839491,0.7810604233969292,0.4646527225324992,0.8264907046624521,0.1074451735137567,0.3175370246516444,0.3283473920986511,0.6898749493041718,0
0.3606885862099441,0.8313281693584682,0.8310517738660249,0.6166144444794666,0.4136168404378315,0.1524366014690633,0.134182076945981,0.6448577413496227,0.5297200941380843,0.5850229507845672,0.1218282093916348,0.8932072227668325,0.7140252795451805,0.1674035382984596,0.1011936318962628,0.1524250398144142,0.4326563592797255,0.8811966859791536,0.5869478619472932,0.4561385484030245,1
0.4190863788264767,0.310808767072348,0.8686223209282239,0.4088846705984726,0.2575361294502147,0.5539038222162519,0.3183392841756919,0.6330192135015112,0.0958057754302213,0.9588481373829192,0.7869756577540964,0.1841198318715267,0.1673146410756839,0.6263219312729892,0.5797192265167079,0.6543405983468854,0.8187338900647378,0.1251715098900915,0.4013851404417694,0.2725033686504455,5
0.4174805615617146,0.8306775305649455,0.8482972182190754,0.6092273334292269,0.2253659431815577,0.1158954398954187,0.0480353851140633,0.8318169461162738,0.6469821754901691,0.6366677522138027,0.1150448092142988,0.8991111927222647,0.7144875369690163,0.0977177555871032,0.1596799567790997,0.0796973007431644,0.3651229401525649,0.7117725385280053,0.6273390086315088,0.5439255641360707,1
0.6539924658515199,0.1317993199698738,0.3634614588705082,0.4521401365640913,0.7515949920101598,0.8418119482154837,0.3202051207601894,0.2740620665423262,0.6341395114003096,0.1156761240913797,0.5861929088693743,0.1175795865081177,0.1057420098845462,0.8860451529588359,0.9419763373236048,0.7104609658930812,0.3161309062692525,0.1289895535929103,0.89516257933293,0.8231055249713874,2
0.03826527906634,0.4345836624061258,0.1951875670562618,0.8322543050589376,0.422250629463504,0.7121206875892105,0.4131136012881445,0.1920413623596762,0.5643859870017977,0.2119045352580148,0.8152568797557178,0.7008470258730173,0.9016156857306388,0.8629816622808075,0.4755252346678244,0.807657150492948,0.1111960422481589,0.4533014748451746,0.2485471046147457,0.6488588600773122,0
0.8358613025218402,0.5991515120508356,0.3852815178854116,0.1594103338237559,0.6150473815215958,0.3900925804522722,0.8953599911775242,0.3332514533264842,0.8475980015410985,0.4860269782464888,0.2879403050424017,0.6171302677028688,0.7381481817629615,0.4451332769554872,0.6253584583648344,0.415523422370994,0.4657991258542176,0.7633781594830973,0.0815978456384553,0.206412878454632,4
0.2129117646263621,0.5351961441605739,0.1531388387292575,0.889721222900188,0.1206939360796221,0.7299004964974488,0.4403438248183825,0.2432009775480724,0.5632045614502846,0.1811678708727812,0.8962405311509108,0.7230667825330818,0.8923256640569199,0.8610946874579822,0.5432138552041063,0.8484276549994639,0.1249902329077597,0.3486718393973368,0.2197364855637702,0.6759166938126164,0
0.4463553164855504,0.3238898429236579,0.9067343306081656,0.3495945423032683,0.4922447902709247,0.620754447820671,0.1714824617380196,0.5802608350689548,0.1762696895439947,0.9002575495650392,0.6528259421986314,0.1985865158816412,0.121569396086866,0.7773061367229361,0.5826456994552328,0.7127855625923918,0.8836857021377467,0.1373367835919231,0.5278153493005285,0.1748421073545891,5
0.6134267902676147,0.2820828441952839,0.3555452518474806,0.3544850187489508,0.8352525134069059,0.7339252755550876,0.3225048143617909,0.2221494269732474,0.6402413186314665,0.1661986237536316,0.5635020345183284,0.1303775718245645,0.1381483505888933,0.8149974503903727,0.8730514681044621,0.6946133228077979,0.3307232819154955,0.1249361340381584,0.8845352105510287,0.9309102898883496,2
0.0879855342856127,0.5275992429454914,0.0876813131986122,0.9552236169660672,0.4027998706188301,0.7238152107680437,0.4173261073975504,0.1502073898923958,0.4836372402254837,0.1945638594547419,0.8606224980201616,0.6963469948998422,0.9033220237336164,0.7941773169437586,0.4685705001329923,0.8019054871266666,0.1520523643939534,0.4417186972364351,0.277297918775184,0.6583151489464114,0
0.2033816777985113,0.4244264656973071,0.0972502741707583,0.8312519904652972,0.5149645314773821,0.7195982739095154,0.3975997770051295,0.2049056460072171,0.641592058166079,0.232076740174782,0.8717565407807794,0.6477010913004579,0.7864087210949371,0.8079596347583963,0.5276627538954619,0.919718549377906,0.0119678245957321,0.2554438684872797,0.1864599850419374,0.599161630495468,0
0.4642091972964637,0.8937648825954082,0.7514567685928993,0.6429451075169076,0.3712928155040515,0.2097822867683505,0.180468890701187,0.7120335125779957,0.6394473111733601,0.6625466462007539,0.1438597665704483,0.9017857486423104,0.8204757203480088,0.0906414136556465,0.1855082286581823,0.1556142366313524,0.4625974010744221,0.7643086160178291,0.6933472426033189,0.5514233236828359,1
0.4488734945572576,0.8016555238154303,0.699756235800813,0.6111968751355593,0.2674618879370414,0.1556499919119983,0.0638192265694837,0.7525979758180298,0.5542525147408558,0.675059317068352,0.1254204573485274,0.826700240445237,0.7551415332287236,0.0670789980921752,0.1241594985356918,0.1912405270630905,0.3039813986928228,0.8516641253910334,0.5782427041460592,0.4627259986178839,1
0.3713870588507713,0.2671335476003833,0.8730406526014273,0.4085761166368736,0.5203857109530416,0.5736692084655941,0.3157009985283004,0.6965482217663952,0.1014019011847127,0.9218005628544272,0.6587295036583634,0.1594184275954818,0.1578355907159299,0.6959094913307075,0.6324469313857863,0.7077292992280185,0.7860521459791151,0.1547519755117203,0.5192328804895936,0.1947920656627036,3
0.4373409617962918,0.2718028913286259,0.8665235745670593,0.4223948291331972,0.6127719346472099,0.5905859163099062,0.269980046251633,0.6571520538422959,0.2098387853084868,0.8550504839386955,0.7150914399422531,0.2316135195054725,0.123026884585106,0.7981246397029768,0.5745579754857022,0.6678613773970858,0.910713895514003,0.112600305213695,0.5206672662538055,0.2608669032681663,3
0.2049226564519098,0.5312875097806196,0.0007886962432765,0.877968028764754,0.5875221058065929,0.6833260086414376,0.4229846181574684,0.2240082027225153,0.5071647839320946,0.1670294000875973,0.9163250156755088,0.6035253628259355,0.8703692771184673,0.8638105243874503,0.444523195146375,0.8222816803846987,0.1952513910774327,0.3810325369517807,0.1836165029402659,0.6940391760683295,0
0.6779319852277563,0.1405622728487669,0.4333340123494831,0.4024646239620668,0.6268651982253385,0.9037663986819398,0.2961634879009002,0.2772102575703637,0.6067800704127683,0.0635872189954901,0.5864301851140774,0.2404599100723828,0.1896355233274247,0.8708756806249057,0.9055819726840638,0.7654978640890501,0.3670534682290268,0.1157728316453496,0.8735965829784957,0.882261581114874,2
0.359876942285782,0.9360727535380812,0.8044666650018816,0.6037382052541329,0.3051106372098437,0.1387496552523811,0.2380865330149254,0.7885743129871772,0.6057810543971666,0.6658316813181417,0.0425218840148164,0.8183327758275757,0.7312147660351829,0.1255795069361168,0.2098721597084702,0.2576936876347021,0.3845020255594805,0.8471219498107264,0.5139995810899445,0.4914385036558629,1
0.3677051060128772,0.8846249709290704,0.7372982101929043,0.5959667940033475,0.3035873093606177,0.1381447198266089,0.2635027457404008,0.725187157950131,0.6195079860651793,0.6852557497184114,0.0531786109004027,0.7922545421329587,0.7182596951941863,0.1844724675908678,0.1003797232757866,0.2708283978122008,0.3236746679975832,0.8277196775137162,0.6838889012302919,0.7107534980821886,1
0.1322153302525134,0.4667142918053633,0.1347786772277639,0.8577799087111802,0.5224311667921361,0.7414537140797747,0.4289213451803177,0.357402704323517,0.6311323407584446,0.2675425499600192,0.7512568177431075,0.7656045290126404,0.8955473022601949,0.9207527571102968,0.5708292345772891,0.9481970538210426,0.1739649538155635,0.4411062708946537,0.3138931509345422,0.6067166014936581,0
0.5066357532895542,0.0934762320704372,0.3668715869638468,0.3840394263690567,0.9994838326625868,0.9461526927669236,0.2803494086310295,0.2681201064909799,0.6427463186228568,0.101384651981604,0.5230266150656693,0.1329748000403735,0.1586876209888637,0.8499541534765092,0.8775201286056329,0.718994671243879,0.2949760307905443,0.2052003003055096,0.8785378326282423,0.6833864155317796,2
0.8165745621275244,0.618026122721447,0.3929883795938335,0.0880196985931277,0.5310898321989103,0.3811001195781034,0.9614743223037522,0.5229355408353423,0.8619045640456181,0.4195757162788034,0.1812137743553252,0.5843680108953688,0.7107320420594733,0.4605419053171117,0.7071162663265559,0.3395194105590495,0.541054048395431,0.6225253055313812,0.2525313615711643,0.1380341056728764,4
0.6383852062631119,0.1394875667474914,0.3702382321271487,0.4063260254819268,0.7110609321258312,0.8411400180714566,0.3134982598009385,0.2104937944928901,0.6042089846009921,0.1264055332718613,0.5639202547164515,0.1959396032190391,0.1209753094801335,0.8409025389973181,0.9831689504160844,0.7054233301396557,0.2858372162981787,0.2486872781088,0.7521889297245417,0.7642101113523824,2
0.2997684839024396,0.9186756603574742,0.7431463024522702,0.5773945412302075,0.2540219975593366,0.2180990879286428,0.1192295919150575,0.7675184214964241,0.6287377479358535,0.6708108180104612,0.1162540392445455,0.8535690704978501,0.7445656022612859,0.129288365287774,0.0771799212536346,0.0038035019672934,0.3750438999696954,0.8720283232977817,0.4841701771199057,0.457255797231853,1
0.2192246249878462,0.4465282300116258,0.036239368060526,0.9349735499444662,0.5832245647558869,0.7332484110683628,0.3851299552234313,0.224079312066945,0.5113860206083063,0.2578716210255452,0.8184451194999196,0.677147020423516,0.8209942333487089,0.8239117170495114,0.4991336727409454,0.8735953653321863,0.1293230798838514,0.2686676942032833,0.2490965971854254,0.5929142858982177,0
0.6129091651489247,0.1443494428412155,0.3311290885026416,0.4469457372700145,0.7114166446717565,0.9497452777020322,0.4323584960809654,0.2385307246525695,0.6057433825894327,0.1714361342593152,0.6242526500165252,0.0990623625715298,0.1447701310026157,0.806683155387827,0.8778544857727375,0.790708581350827,0.2810859763488875,0.1685951296902612,0.7922790322035116,0.7051887135694189,2
0.1865312569901961,0.5374776915194507,0.0807319223658028,0.937775180822058,0.4998745340027516,0.7726846817110091,0.4684649635016922,0.086093341240215,0.5576756403831234,0.1889483927152198,0.8679467079587928,0.7405381681727018,0.8753451092472692,0.8821858953961271,0.5273780769488381,0.803190267326933,0.0,0.3553055791457454,0.2060875694010995,0.5116996221658409,0
0.1416681590598691,0.4346974777023274,0.2808081478461746,0.9240556260157528,0.4222638618746754,0.6863484386616244,0.4197400870217505,0.2281290402994744,0.5641909857534588,0.2125344543757354,0.8618496968138557,0.7497437817330945,0.9204169604182252,0.835437350621205,0.448902297279137,0.894171923075836,0.2066015245983874,0.4412058103893103,0.2506708931086968,0.7109079990343872,0
0.4046483072469999,0.8106416417653579,0.7192427828975476,0.6345166167979616,0.247345040244365,0.1186845932846442,0.1841536028747259,0.887942526078058,0.6455629563111169,0.6004161902124416,0.1064662749104043,0.8297341985415264,0.7600496248687786,0.0963851654833669,0.1034761558172675,0.0824539609168204,0.3412082822684332,0.766597558253299,0.4582727200333204,0.7146707415939265,1
0.4149829089098403,0.2600696444127709,0.8822591911000369,0.3975155742359514,0.4435845692552729,0.5739403103706191,0.3811121640802365,0.7255359966724617,0.2399466017126453,0.8496252235905716,0.7084308071328336,0.1008112788829479,0.0841106082481609,0.8327482580633698,0.5908095310683741,0.7707956875336016,0.771497828572191,0.0867943018786809,0.5150329430713875,0.2358715819233651,5
0.4190767951183347,0.8785301150963887,0.8237468675060344,0.6499470874948031,0.1524737149922976,0.1297851041594729,0.2105589562629497,0.8083233140971379,0.6110548964227489,0.6525619523554455,0.1599975344628233,0.8433486485891157,0.7966163414562735,0.109080031002825,0.113355883868661,0.1975660565020642,0.398775071702098,0.867542105356192,0.6681643455185083,0.5418037099312885,1
0.130919123993589,0.4712757534459454,0.0885215532022268,0.8729543606760928,0.4632203673494964,0.7647921728557047,0.410876022355532,0.1589901174192921,0.5923191292321397,0.2323525662987297,0.90568105925191,0.652020053019458,0.7921347063103474,0.7899586383753632,0.4796029725527343,0.8630399526596209,0.095505873869768,0.3975506205174864,0.1974038269986029,0.6019694511352761,0
0.3033550414887784,0.2445614734698526,0.90404414684518,0.4255546744497842,0.4746417955841178,0.5888362718463127,0.1618668819723873,0.6313245458574633,0.100168572139779,0.8424766775412071,0.7386001626882743,0.1227564877447084,0.0967907875712222,0.6317820854001674,0.6029707182591819,0.6320825471731307,0.8401110581419439,0.095607969912745,0.5347175587160246,0.2252042451926179,5
0.4990632094719335,0.1555609913777188,0.3380416810046172,0.3434234504918473,0.9176650006330516,0.8850314030961146,0.3176390156699753,0.3259491098607218,0.631051632725238,0.0940268044324822,0.5404199574628188,0.1735266008034054,0.1839510163041189,0.8832042623190735,0.8167297233508922,0.7895742335501841,0.3130508886706689,0.1920528323387875,0.9270915545029392,0.7285433195979951,2
0.8470539156934893,0.5943577137718774,0.4001024857931584,0.1091562992230623,0.5327984945944988,0.2388247030751863,0.8046457295950884,0.4381545891463013,0.9450845627544244,0.4741490944216032,0.1611327666093972,0.5706602763014228,0.7518615522314307,0.4464079003767895,0.7062780164016501,0.4676204890623601,0.6036717231116486,0.6741273768657424,0.2160468922463218,0.2188970063741779,4
0.616141537274543,0.1453234604235768,0.3460610242886315,0.4426766422532937,0.7050247798824008,0.9523689943366068,0.2313144564147829,0.1749896096525335,0.6202506690279316,0.1495197936508615,0.5808150233003715,0.1340912081859148,0.1831418583870776,0.8662190999881398,0.9214752882984846,0.7998951786842378,0.3996970004178268,0.1352240662949637,0.8550365122420402,0.7569412883986103,2
0.0511910811844063,0.4324949362728947,0.1055228096124093,0.9305701003719064,0.4438829473200303,0.8023200989997844,0.387371493492766,0.3003730340511333,0.5650877006772954,0.2611802225838453,0.8554845371177235,0.7370431852419194,0.8749172129162502,0.7804643945664179,0.5152943763443557,0.8593236011168549,0.1507834856227393,0.2584039999781917,0.216285159959047,0.6309161598787559,0
0.146560717220361,0.4771100336059427,0.1541551210518705,0.9215850311363422,0.3887088393692095,0.7736292343374636,0.3875865765938887,0.2561192355806966,0.4920635317449899,0.2409415614683677,0.8823101993044422,0.7670991179213934,0.7988581849955683,0.7895052203179505,0.5480108411017978,0.880732148445571,0.1362702510352043,0.2755218989234084,0.1858813168152009,0.7005575433404759,0
0.561116643401564,0.1569396592217419,0.2888131263353195,0.4388021599710066,0.9716043963975892,1.0,0.3270243528880988,0.2819862086731278,0.5197848607056837,0.1826391625351544,0.6090267040153048,0.1153003529682499,0.2194943822983672,0.8582554208959687,0.8359309902904833,0.7781919487864594,0.2988680504324441,0.2763990073444445,0.8075614157501338,0.7058242173267159,2
0.1304535863483934,0.423389425059999,0.0893851435947318,0.8762579400129622,0.4847068235846965,0.7286564587974584,0.3766361035483661,0.2025991656268961,0.6000077651818944,0.2468442634057819,0.8949723669361379,0.7066197989822789,0.9293608680468616,0.8330778815662239,0.4944820815575797,0.8224729981028703,0.1401991569535185,0.1639140295879878,0.2105581349249879,0.5784340761520135,0
0.363420006885612,0.8551540645011728,0.780396074340911,0.64019626177799,0.3159398949976632,0.1243649178365448,0.1094224205020877,0.6829366979497321,0.5890577773431156,0.6322859245492145,0.0784539852130955,0.8135438687088912,0.7575913089620445,0.1277402294160609,0.1513839423028561,0.1195204766902135,0.3303344646591721,0.7481809708936401,0.60299771625252,0.4637370854955966,1
0.2724875344442246,0.8364507620453445,0.7669458331983554,0.5728708719157208,0.2223585990159913,0.1647870648431197,0.1640290170550275,0.7076389680864299,0.6220902219466362,0.6622864661260393,0.0665703939346809,0.9380135099253548,0.7721944628513541,0.1228796503217567,0.1602394591071598,0.1575904858128265,0.4016467919692124,0.8362286374979314,0.5719244139564621,0.5705344199113437,1
0.3952113159414039,0.8008836777438194,0.7852247205736428,0.6070566750588493,0.2946880818283316,0.1407883058041766,0.1558193906296748,0.8155748910501709,0.6304198080677874,0.666236351162329,0.1255341459296404,0.8026839438820138,0.8083671521069267,0.1559775887174215,0.0756351545580446,0.1325130940687371,0.3502089569027893,0.8031931185628831,0.6207015955422592,0.6608291168692063,1
0.9238840662730898,0.5723348630826164,0.3383239220344733,0.0999540530673963,0.431432404621147,0.3594001089534843,0.8445609787640943,0.4432501677201536,0.8437801868524869,0.3782140814865403,0.2032230661356702,0.6463254125472555,0.740732317105912,0.4453540530480528,0.6393706645510362,0.467154339938638,0.6582969494755977,0.6709813239303958,0.2163525928551909,0.1997784483767172,4
0.1529017491850787,0.4472054699040839,0.1600069970826506,0.9205310548260744,0.3505953068112118,0.6503278204362047,0.3665602958538038,0.2489586413827406,0.585819468777863,0.2639198116034852,0.8701359698668298,0.6392890833908728,0.8341245042224856,0.8761972248116946,0.491937941687411,0.8740605440504396,0.0683573737237472,0.3683048549460892,0.1886829532928212,0.6799949274426981,0
0.1549600864614665,0.4633233553150233,0.1710529051271815,0.9439394417322778,0.472563688198125,0.7165476846409055,0.4812510504904463,0.2596987240747921,0.6159602704586981,0.2712579838252458,0.8304812176948267,0.6458387460918491,0.8341144969883562,0.8673414160061081,0.4390694595132893,0.8872446676711319,0.1474525871890077,0.4201796127674529,0.2208081845269127,0.4758737302121735,0
0.0928298377772276,0.4396848624197081,0.0854696610915036,0.933648662243822,0.3197349762029187,0.679212862401497,0.3497026838971724,0.3025475871852847,0.6240268461986542,0.2241012706892987,0.8618920961653224,0.7137598806701055,0.9234594585452288,0.838254297069099,0.4830868550109198,0.791683504281263,0.0697662769123351,0.3456454736873229,0.1813196811198245,0.616228991374327,0
0.321374040085371,0.8674601341348279,0.779617142620115,0.6099179079846522,0.2172552241833441,0.0573092449902393,0.1456151847468045,0.7640079438120573,0.621319183408304,0.6070084149166312,0.1626414936104379,0.8287082589263,0.8131673930394864,0.1493408433545808,0.0880126434406975,0.2347968429222929,0.2913470098112655,0.8789117517885893,0.653585457710771,0.4782191126178564,1
0.9256392522184927,0.6076158228465336,0.5331711229460866,0.1131097296122951,0.453379745430288,0.3384073757993628,0.9597184036470302,0.38217702774627,0.8827725141566238,0.4683118893276312,0.1930847323575025,0.6064296051947458,0.7128526252381171,0.4713303343313835,0.6748254317409043,0.4996207621318124,0.6732234089644717,0.6152599300308027,0.1799944774776837,0.1593227232304006,4
0.1743958200959106,0.3485177272318602,0.1707878426520494,0.9240818188935048,0.552632347534241,0.7012248011036661,0.331661762482274,0.2678512137957373,0.6236007648618663,0.2717114025091098,0.8459107292501852,0.6939308064282135,0.8435096630857614,0.7714946670175221,0.5587250300219756,0.807132699910861,0.0823875778578255,0.262914990636036,0.1436275550553066,0.6023570994024152,0
0.4546650715540783,0.2989070736127188,0.9124468965910568,0.4275039220918896,0.4787243165824843,0.6614650214805037,0.23169168395841,0.6691958368604077,0.165665483071338,0.8186156768914575,0.837627744114242,0.161953787762264,0.1249852304420459,0.7987363893993731,0.6585416277152359,0.6816849997667308,0.8441637014337924,0.0519494719524115,0.5041099526400635,0.2786247212344645,3
0.1512196105051731,0.4337505928054302,0.0786569492480355,0.9801441247855002,0.4098620602695562,0.6622011733296315,0.4270819311482617,0.1247629585282422,0.6273386696006047,0.2059716321513333,0.8968749553569854,0.7538128555715021,0.8391896653884489,0.8466054520496221,0.4668112485353877,0.98492781925473,0.1805580348043383,0.3230160655185694,0.1746156712007701,0.581175402849385,0
0.8419919199927467,0.6468942883294402,0.4238584841499529,0.024876378295363,0.6265816047268488,0.3934560779405203,0.9426792527262297,0.2592903027501089,0.841700897220772,0.4373086856061909,0.1548207100504343,0.7137186857445971,0.7235525156930258,0.4805722186770649,0.6986411321709325,0.4732363957196161,0.4067714988031404,0.6246623884039143,0.1262520833924195,0.2612087866055199,4
0.196034161831609,0.4434538897202081,0.1046197346646761,0.9042569648272648,0.3286164990779023,0.7250918586702195,0.3450992344722467,0.310964985039755,0.5600611634517522,0.2154238333794007,0.8386914805577044,0.6788909410716851,0.8866888143096048,0.8464563005324269,0.4823122529780564,0.8206760633610362,0.1644427752025555,0.2867073228926153,0.2191738762898186,0.610198496714621,0
0.9132725512311226,0.5994164061095919,0.4793229989188503,0.0600867397281817,0.5545845030078987,0.3563238969703047,0.8369324893992911,0.4534441568059851,0.8091477275239474,0.4377340268459935,0.1092029968645656,0.7089190211418941,0.7114618242533245,0.588365046187627,0.7120466656815319,0.4711692419824298,0.5505176420107212,0.6046903642377901,0.2199092193245616,0.216912583072254,4
0.6028399114033769,0.1855071821178018,0.3291237120025608,0.5155177505052358,0.9955571082573088,0.850109774616013,0.3428534477759318,0.3276056884265309,0.598763799621293,0.0996251227881257,0.6185442556590959,0.1385549050276223,0.1727882673704372,0.8315917294564235,0.7752795717995579,0.7739389225608121,0.3954639434789085,0.1847710685505877,0.9303496597913328,0.7210881930503901,2
0.4007036186247906,0.8779980896697563,0.7407283002390006,0.6447818370539867,0.172518053449395,0.1672906063199044,0.3074488023639791,0.7539426538127157,0.6695241973883668,0.6212639238361578,0.1080175005305059,0.9476868173314966,0.7505717143643578,0.2117441159415699,0.1571262237763632,0.1173324877892213,0.3844217790517764,0.8796115187230032,0.6335224748797369,0.4098794390965937,1
0.4371008244757226,0.3130454680231367,0.8974542932597972,0.3839691400259059,0.3292428194027474,0.5713390712899838,0.2470080242005251,0.7439618081982167,0.1414951676213475,0.9328713283062794,0.7622055815459633,0.1406830818592869,0.048554948888936,0.808614428134796,0.6799726970751131,0.6148264407918059,0.9166328199222576,0.185316870584896,0.537736379698921,0.3773937114372444,5
0.6478970351631681,0.1721365131930118,0.4988119101063745,0.3635875978344531,0.6438443342615761,0.8255242811570139,0.2382201306699284,0.1092640474090168,0.5615851369491509,0.087254204219395,0.540954084029798,0.1565078865412814,0.1441742605967872,0.8624128559907475,0.898038308823131,0.7210182446119678,0.3380378649180504,0.2204845301831727,0.7627158199507007,0.5838857608306288,2
0.7552943028601042,0.5970500455724412,0.4797657619504283,0.0,0.5934143369172937,0.3310510046104317,0.8423689021119563,0.4670778632340491,0.9527836837796516,0.4906753327921904,0.171022973376077,0.588964133566965,0.7312721697191134,0.5279491330812406,0.6506989905218404,0.4352122512211099,0.7272247688041884,0.751597152910152,0.2579393590569504,0.1097943558582107,4
0.472135060087814,0.2668526839548341,0.811009486410091,0.380472155734937,0.5395174688909216,0.6216891773257535,0.2494074846369449,0.7141603562212459,0.023776497591046,0.8702858008142552,0.7498170145471772,0.1200927751274506,0.084648818910247,0.6435796329592607,0.6934277484491232,0.640601541599531,0.8522648586832602,0.2059552602281557,0.6013797013531782,0.2358933933630393,3
0.1505149842590553,0.4572937987540169,0.1752885271418643,0.8187387055677375,0.3841780502983473,0.7404019025022247,0.4696381589141831,0.3389254963030418,0.6203245381495437,0.2246081093848036,0.9243350979937638,0.655067043338394,0.9000619193982905,0.9119439663987792,0.5691599961216393,0.8759146634034357,0.1157883266400125,0.2259816789317973,0.2299570261650902,0.4985428503738289,0
0.4006797458946489,0.858379016950489,0.7813477891537806,0.5894628852496415,0.2491489609340665,0.2016276828461017,0.088918213412332,0.7815191890567321,0.6589205662963388,0.6303788329030662,0.1354852292071511,1.0,0.7733208523249523,0.1414298611789791,0.0906323042885556,0.1530607719316169,0.3753583970351035,0.8296357522243593,0.5520683924704606,0.5525108375950125,1
0.1432914157125493,0.4550239297349764,0.1138125108794025,0.9634842649793172,0.3856416877300609,0.7472737698512507,0.4486724481613919,0.2146307937178114,0.6728075018884563,0.1783343130256887,0.9248539253137292,0.7233956766084383,0.8414631410566228,0.9029979127315502,0.4310711939242769,0.8432107803775434,0.0628239029239353,0.3702049166869802,0.1574539354310953,0.6282161428062399,0
0.3193961149543343,0.2463402550377889,0.8736943486387783,0.3633211281356872,0.5541239955910227,0.5476280161714889,0.2712825926790922,0.671906499359522,0.166243259256271,0.902776336765852,0.7444428102342981,0.0639695158116585,0.1665252214104829,0.819182184740032,0.5941833174446078,0.6897791312243381,0.7917969626034748,0.0247568079693278,0.4900403063097833,0.2095422617211393,3
0.6587792996578065,0.1146504099002111,0.3452425443140998,0.3746685341802216,0.8437162445975802,0.8291455931196504,0.3670789632010714,0.149752153231487,0.6012805559308322,0.1531123598281302,0.4996819496229962,0.2329831123096713,0.1510781291089779,0.7715456167562974,0.8646142446410039,0.7629366479766639,0.3484776373152215,0.2659380450528689,0.8949109930037868,0.8167925832711171,2
0.5309643445026716,0.1330862135177464,0.3446884479531236,0.3901547476049358,0.7460734174750521,0.7874684661123758,0.4438968185248685,0.3602024582251923,0.5510125937611746,0.1896746472498748,0.5677508345779466,0.1404273563110178,0.164261056548685,0.8384145354210228,0.901073917156154,0.7647500729343756,0.3268095025801932,0.1004701910487129,0.816437973327862,0.6514549439104157,2
0.8122188378644029,0.544916118072776,0.3867248480177648,0.1209750840146871,0.5338683270584637,0.397044375014472,0.8635240942183032,0.4224469802360269,0.8799782643820185,0.4407229332358323,0.1919996906011289,0.6798028869379308,0.7275522418799069,0.4900800157549648,0.6372674710077331,0.5505041378348751,0.5390016379737727,0.5496895353405487,0.2376661997187071,0.21643587331422,4
0.273276344938214,0.8519567433306118,0.857813027068964,0.6374895436407169,0.148571676641305,0.1624894007865951,0.1757369568395955,0.8011184001646852,0.549306625646802,0.6687866245896505,0.0,0.8423639427070058,0.7584859370537999,0.1517047316860463,0.1304810631184158,0.0776499497496365,0.301251427011485,0.8309502904981504,0.5999414248162123,0.4937360611968379,1
0.8127521184381432,0.6183170003187466,0.5354045980420961,0.149368742997945,0.6056961931362809,0.3867653944279863,0.8079014340736586,0.4538334374996148,0.8917395530089791,0.4508743749170472,0.1506238122991324,0.6698151468694752,0.6791991817647639,0.5883095464346473,0.6857044225021932,0.3882572963483134,0.5549107573047836,0.6591543105627343,0.3154302009309467,0.1491587652564139,4
0.6291908181251779,0.1872333013251746,0.3923080380558789,0.4231693914064707,0.8926519960205826,0.8691748337995582,0.3086164461686001,0.1658216313921444,0.5889552083102958,0.1373559750335382,0.5754900672460048,0.1490911591517013,0.1875858438120805,0.914995569644456,0.9130196722022724,0.7633582424214529,0.2858136883935144,0.1684629018690234,0.8623793075086473,0.6374465790396437,2
0.2719609778759688,0.9439962815820628,0.7657086337464721,0.6316556023822013,0.2356628571739928,0.1410446062988601,0.1423820622974819,0.7868779640566396,0.5415352332153088,0.6770292389507682,0.0925985645766143,0.817571036751566,0.7625737758617841,0.1826504455251037,0.0945704242098961,0.1639831389050083,0.3093203121369913,0.8652574972590328,0.6433607244020436,0.6946152791198947,1
0.3634083322818024,0.9352256590663004,0.805032910056244,0.6537598144163271,0.2898453585008488,0.2282043432388887,0.1865973215913781,0.6595248735918188,0.631244172549689,0.6195932055391995,0.0892340332635412,0.8974967073130566,0.8256651563087272,0.121849034984119,0.1385793444693069,0.2298881158120856,0.3598862551800723,1.0,0.6301507565468228,0.3836732219275222,1
0.6329151974456049,0.102515661166221,0.2662805346419031,0.2757088256732665,0.8820043206837174,0.8513508741342942,0.3108400640552879,0.3255304911079524,0.6332760266188535,0.1868892149592467,0.5282414522559555,0.1364723771427508,0.1017347646962179,0.8620225035629331,0.8432211544407202,0.7892752912265938,0.3547910586602629,0.2468431090987962,0.8931221988163346,0.9675502550971802,2
0.3584859468880253,0.2769351752077468,0.7625599536603487,0.4052140199744333,0.2366560797759302,0.6421670367060883,0.2883522070043285,0.6412596896289066,0.1553324840306002,0.8276386292346941,0.7184298575669358,0.2002319259595983,0.0,0.7149956119875547,0.6141708216032068,0.6745076677716276,0.9097849708538222,0.087562163523192,0.4977722321177765,0.0767918779222499,5
0.3557460369585097,0.3414834462225161,0.9326714254615144,0.4280007168046283,0.6449673207093026,0.7106021852967538,0.2521882917640132,0.6007579083923036,0.0445335505852886,0.9583216171533284,0.6979886290296863,0.2136346013909875,0.0870017252197084,0.8134345701979998,0.5817480884162312,0.621503071953471,0.8255505211794197,0.1216671937721804,0.5598607365242145,0.2422679599422296,3
0.3479342502435295,0.8839629465620118,0.708513447515699,0.6238802391614426,0.2311632956517463,0.188836110420792,0.1837190548342038,0.6909048514926738,0.6674092566592911,0.643093738242768,0.1078562082580686,0.8277736628478132,0.7599696076311134,0.0760762983082943,0.1154022593499109,0.2278775642680233,0.2786226943339517,0.6944739489824702,0.6793694906518694,0.5156094799338127,1
0.837790722643613,0.6068411827158278,0.3896871604843961,0.1739511185712858,0.5531915789173115,0.2982864425184254,0.8145443183708105,0.3983155294576906,0.8513157483361312,0.4752564877065839,0.162515066772376,0.6090471218975055,0.7614252449263581,0.4881574112162228,0.6431843825367761,0.4488630818986727,0.6500267081685391,0.6990640964503311,0.2231534808250363,0.1639436230285627,4
0.6048459143776681,0.1734001139382329,0.4446868382252727,0.3885057584159173,0.8234627969265595,0.8238383819225373,0.2762401524607157,0.1748480872404031,0.5824527114381498,0.1401889840303158,0.671594257953464,0.0986203666334243,0.1471211746190758,0.869595759047105,0.8769892759598616,0.7761061321764265,0.4169231857562983,0.0260794286487805,0.73519649503714,0.7480468086114705,2
0.3535672034168771,0.8547918930717558,0.8399064173027145,0.642871957625296,0.1243311036056394,0.1698367852450864,0.201693801726993,0.8443379851035069,0.6872247532326489,0.6089523559383371,0.0798285657445515,0.8125735748028539,0.7637259695556776,0.1464748942459271,0.1673147280435346,0.1419013835134371,0.3308050532577337,0.8270368797003859,0.5604216642333779,0.7189157160117557,1
0.8821389236952831,0.5142226433757779,0.3841262272055746,0.1657930060766977,0.2539059825613278,0.4212743905717885,0.906765551993382,0.4648702174160442,0.8581729602796201,0.3940549686394465,0.2102602618087029,0.6313861489822442,0.7201297146099584,0.5351090760135021,0.7103808830380659,0.5456789406251289,0.5864888371066737,0.6223260569740192,0.1854600907067084,0.2599284598124164,4
0.450646805608371,0.8711192092834387,0.8354986092834928,0.6173514699048045,0.4241099618322412,0.2550098629942714,0.1652877796275508,0.8383276278294569,0.6396137996232345,0.7010631354537608,0.0730619867460698,0.9062945715781402,0.823578761626922,0.029428887246821,0.0705668008251697,0.0466684079499988,0.3418135047766078,0.8683457188203622,0.6782470989271889,0.5374414832330985,1
0.2821030156889701,0.3086525769718849,0.912417047790721,0.436748010577292,0.5011100491058774,0.465687235153673,0.2070215464437014,0.6767363017716543,0.1360699552709217,0.8601601395299818,0.7314210484972902,0.1644856517131361,0.1242556569884147,0.7010948750124991,0.6599610107481083,0.6577831513062274,0.7645886830039558,0.1095985857190746,0.5069585982049818,0.3178056661634995,3
0.6260644099856406,0.2153405202594734,0.3650706282483455,0.3864900444044669,0.7080651325238373,0.7662389199034706,0.3604171792059309,0.260691168860107,0.6255398737472035,0.1187081750725175,0.6384919369681541,0.1154684952072223,0.2048898092024173,0.8727321536189534,0.8286802698838716,0.7831530247858174,0.3742480279742883,0.2256747503692133,0.8599780902702687,0.7899423968891398,2
0.3723581691425036,0.7731130486203639,0.7856592284768256,0.7195360735608414,0.1970522804140681,0.1204230097272022,0.1932523509154689,0.7871532851991165,0.666799163404864,0.6018417951338176,0.1368655027896474,0.897404918405324,0.7703230856550184,0.1349657964025058,0.1725053547976731,0.1875248764476637,0.2928356609033205,0.877797291857799,0.6024927190312507,0.5465679535665907,1
0.4144289119992314,0.8884905348659152,0.7912547097233691,0.6051173763830886,0.3472246398956825,0.1610989471129693,0.0681592731557513,0.6746560865811796,0.6035167191905642,0.662515618817223,0.107522799483428,0.9230681270648976,0.6995327004908903,0.1269336762196439,0.0386112172588605,0.1833369853253679,0.3446371567848981,0.8499272430164503,0.5645186975044133,0.6490943420286261,1
0.4027997585739039,0.7878532710270002,0.7599831407109914,0.6310889504697952,0.2455644089179644,0.3029877674111324,0.1925617544440466,0.6873680285009184,0.6057870090760847,0.5804013433013722,0.1086260057892381,0.8336588190981294,0.8161996156995338,0.0899577995916598,0.118171848489985,0.1185209787243949,0.4421048863837012,0.78995387822839,0.7012750339908094,0.612930003957552,1
0.4440270131109969,0.2265449142335468,0.8656860807093967,0.3790944015965561,0.5659019708165668,0.5510815871295899,0.2587829386436281,0.7025652583783241,0.1545413040933327,0.8993831910416752,0.7241490778784888,0.1411903811433447,0.104956280416029,0.7399784128915178,0.629988928071806,0.6707568398356156,0.8379760857225099,0.053648231333459,0.562421870332915,0.2590389032106839,3
0.3829032798895408,0.8536508316537723,0.7853966697681191,0.532469715466295,0.2144299771545164,0.1810219836305678,0.2571551963844463,0.7176957199593618,0.5774330589031165,0.6260939081086805,0.1474767339971755,0.8829282114219089,0.7578695172419818,0.1499870638176465,0.1277408219089486,0.1914079260540906,0.3092544468673961,0.7858868004329972,0.5830362108565501,0.4139814873878391,1
0.3759763611103712,0.8530793505996968,0.7980924371723292,0.5806121625055967,0.2756049438385828,0.2475997816534512,0.1700938251345125,0.789901475694536,0.6435400478462944,0.631734559131776,0.1219018295474366,0.8696859110173258,0.7792989615318355,0.0826501855443019,0.1264095732255022,0.167464198076322,0.4240991311245122,0.8850730235774108,0.7132815167410617,0.4658318003971499,1
0.3141665264534668,0.8601167872859465,0.801681826522592,0.6978180917406855,0.3033363713722078,0.1454202142427282,0.1175019847470623,0.8637307333081582,0.5672415024081252,0.7137928528674445,0.0985606130504817,0.9421902289843236,0.804681298854383,0.1140388045308203,0.0999190490614366,0.13143199363302,0.3756506378092802,0.8179522498887373,0.5684510505906626,0.5270375681187007,1
0.5299389219879655,0.1079457355428999,0.4075089397924746,0.4185576816262844,0.7935030537445048,0.8216640176041625,0.350910146421002,0.15218495613484,0.6192476478738458,0.0957722929024668,0.5449290012342045,0.1055036651613061,0.1504734712816425,0.8725355179879803,0.8701480157718048,0.57948111684374,0.3115344422181101,0.1622181108810404,0.9334035783760304,0.698531810718921,2
0.3292743935590654,0.2359247798450114,0.904715103791411,0.4433899915224935,0.4704609727595056,0.7168905183143309,0.3039219781884759,0.649752102053996,0.093218578953896,0.8301631480266892,0.7281497668575037,0.1360113266274563,0.1846939934238126,0.809897733210345,0.6494074049152329,0.6223550236632094,0.7972380157610633,0.2470735176729608,0.502087224130267,0.3300797912882064,3
0.3447249194656751,0.9636252009026636,0.8282250663096923,0.6065126580285503,0.0,0.2866044279783383,0.0993700541613084,0.6346329874767586,0.6626831028871765,0.7437667915469843,0.1647920888205733,0.8925371269778628,0.7993097363330574,0.1634471173748762,0.1568458148294331,0.1588246931613988,0.3554798725296236,0.815271379976488,0.5667805227105889,0.5131345315984276,1
0.1048736692057685,0.4164750839471278,0.0685602818466862,0.9697842511285696,0.511343291105688,0.8105654142893911,0.469088845968864,0.1919603263193831,0.620066706309136,0.2316027601973744,0.8807605496320097,0.6916168939756122,0.744205119724713,0.9025723470702725,0.5345359341527749,0.8827657508451989,0.1222223513621826,0.3523112975678898,0.1849896087444487,0.6428151964873217,0
0.1373103165235481,0.4806022552486245,0.1124074540285295,0.9764507801694604,0.3380534768977343,0.7056355562614439,0.3615903764481183,0.2599046430415909,0.5102386964344182,0.224339635645918,0.8553642239663507,0.7015045042364614,0.8388008157169586,0.7879237006125137,0.5796967581808453,0.8797162965638019,0.1013927903899938,0.3221997983309275,0.3006414865004347,0.5745684313409896,0
0.3857834860411571,0.269801858812396,0.8188177149967344,0.3290001132516958,0.4723540629629473,0.5678554420995833,0.2403732430150134,0.6538985760341931,0.0754280715539346,0.8540807583163309,0.7361179989435063,0.145843734941778,0.0515162092065859,0.7123689846404567,0.5637934791758451,0.6928150143850903,0.8544470179480225,0.0428393099371015,0.5732338639070226,0.1505484084958624,5
0.8575937480095861,0.5589920684863181,0.4537560618069509,0.0902986016910751,0.5102357875209399,0.2687974314265269,0.8731658999792017,0.2849025793190933,0.9093818075683788,0.4930969923434881,0.2213051979183793,0.6369910821908493,0.6855061055686296,0.4391235432380214,0.7469991572573945,0.5224408273254909,0.586368870251737,0.6344996346636714,0.2663814072557183,0.1734773845851193,4
0.6580686781597906,0.2630628988830546,0.2942352099158743,0.3967326932472485,0.5691314013692915,0.8646990872974981,0.3446503453281996,0.2153364461252232,0.5737537859824088,0.0406098372002263,0.6011924692166234,0.2020654421558514,0.138514947860551,0.894595405447492,0.7854126647156657,0.7832647907631983,0.3320431433573726,0.1479091929725287,0.8231223829281805,0.7577577597152937,2
0.864879541116307,0.5704601387707161,0.3509269730420309,0.2036567243200856,0.6089661740276496,0.2766593635250614,0.8896397666043784,0.4263190673156229,0.8608955245390887,0.4923999931001487,0.2238213649474033,0.6229138963330736,0.7108345996178307,0.5517271975939205,0.7196164516640806,0.4519624966735733,0.4962618943529158,0.6980252039304332,0.2273893461781061,0.0004936995313101,4
0.7111828110998113,0.0891798947348238,0.2666759354764438,0.3369593062963936,0.8905708712201551,0.906056469969992,0.3006887745619631,0.2744607275591968,0.6660358018631833,0.1924916611092101,0.569531974408117,0.0257216037739062,0.1380424263664828,0.8519418624878218,0.8428125560523624,0.7508914024527755,0.4094854398741203,0.2892376491404023,0.8535492663977362,0.8823286895660303,2
0.836581715590835,0.5171460553771058,0.4595804386121431,0.1260373311465636,0.5766742343447797,0.385816413225823,0.8527903439768931,0.3964231930748815,0.9355403561010164,0.414962545563995,0.2749212531604812,0.6032336327286476,0.672686268396067,0.4782442636592756,0.7798077422250043,0.3557860824140982,0.5693308198852576,0.7117393374510866,0.1962711373776354,0.2576746080195389,4
0.8626369638875169,0.5514664340606386,0.3458951057206109,0.1622041034335246,0.4893999688384857,0.3526923508495699,0.8703646197997439,0.4098813778852695,0.8531550241527127,0.422049432028947,0.2083905892949894,0.6098398771688962,0.7246980947784932,0.4993114811261069,0.6484225846881001,0.3926335686588659,0.7069402236372605,0.6354762727252548,0.2222434593943443,0.3889020853152999,4
0.3261030429750989,0.8853163886799224,0.876862926055925,0.5683056672942876,0.2352722896663355,0.2421651043544665,0.1685131075169022,0.8002239008132153,0.5652832325024177,0.6620628857856475,0.1000931639370724,0.9150263324635208,0.8228537594217863,0.254003792205182,0.1524258243698777,0.165062804632706,0.3607812216054001,0.7902374654545732,0.6222598604035635,0.505227091325227,1
0.5557923234845067,0.1875646406607682,0.3645266852362597,0.3322727794872115,0.7133300384648845,0.8181418673745147,0.3180971879190873,0.3685076501810941,0.6184706203326071,0.0943305392582737,0.5905671073853689,0.1193826223518135,0.1787367922246318,0.9039801644460324,0.908744671311652,0.7515223771116764,0.4418106795493445,0.2683615145195547,0.8232176192079877,0.9799350296185984,2
0.0948240110242934,0.4411610334813798,0.0912282114930715,0.8743197158210666,0.3042779922094034,0.658236651055962,0.3969097629616458,0.2739832332179328,0.5438306450581833,0.2272911187425276,0.9198195741081396,0.7496782915824336,0.8539636229459168,0.7822988569481109,0.4783879328308968,0.9059795711932084,0.1125674342614327,0.3120542981206159,0.1715709435858513,0.5244919191963022,0
0.875471685351939,0.576347824303762,0.3861358551300874,0.1218345289035295,0.5313003267026393,0.3026413670435919,0.8136743545572078,0.4963112020806617,0.8608933648277179,0.4653717354357924,0.1984391353415023,0.6512969915926129,0.6771771638867378,0.3902221811209634,0.6415782074116557,0.4679482056544237,0.538955964812064,0.6447239311043641,0.3002094178233434,0.0758513408019732,4
0.8965613646757677,0.5158185807342185,0.3980790864439885,0.2054530397744758,0.5090844045977516,0.3947700783057667,0.9129854740096564,0.4803048528753688,0.839816092912849,0.4250192093515232,0.1917101128508227,0.563046358434529,0.7089061454476088,0.4949103568461729,0.7592657717445199,0.4676156930249128,0.6148345810153981,0.7627647645798276,0.143689855449124,0.2125392767045653,4
0.3784843452728376,0.3003274906054387,0.8963118449798321,0.4170552818934334,0.4297935296874209,0.5652387120242326,0.2265824427212153,0.7147826097728162,0.0843617279568555,0.9035189075688008,0.7206585181906432,0.16158121625906,0.0948733028318407,0.6642312656594587,0.5833875512242596,0.6615365957976199,0.7111210845685169,0.1493421674281737,0.5753599242367571,0.2950672765464672,5
0.3746168267076177,0.2779370035385932,0.9418496875259252,0.4018751824162544,0.3104207450799927,0.603333892836453,0.2246597571951357,0.7293277063244872,0.1586747644519485,0.925888635835651,0.7503511572000376,0.2115946592537831,0.0902088501069575,0.7776714360426698,0.7067911639420243,0.6429351557676107,0.9288028628122184,0.1213083406619025,0.4877236256428206,0.2657727485529718,5
0.7702790007220143,0.6821607347696037,0.3883751033686273,0.1429920448479792,0.4643072183060286,0.3712352906273469,0.938880356941527,0.4265166835778042,0.9483474302546124,0.4504125709422614,0.1791144912570607,0.6458503575904718,0.7382045456143221,0.4882651142980399,0.6139248964474148,0.4636733247589628,0.5620113683461321,0.629477491106468,0.1964406142787549,0.1505258204287862,4
0.3641571416889136,0.8597464928973656,0.8185530559801193,0.6330447593648746,0.2858136828581042,0.2087250925733484,0.1570954876206162,0.7197121385576982,0.5613302381517313,0.6147005531729933,0.2326817493369408,0.92620032136411,0.7224132089302746,0.0521419680654352,0.1475300761633423,0.1697128163526123,0.3803453950135691,0.7929362178366705,0.5972549134102851,0.5649061871449307,1
0.4229462589391548,0.7775214861225678,0.8366506483080802,0.6809868343837547,0.2092026779847085,0.0139463936398791,0.1568916066592535,0.7567354951241837,0.5639879018915775,0.6266208429146274,0.1715360905681769,0.9020440073124972,0.7384608163059677,0.0409569113441282,0.1076233517377222,0.136604162834652,0.3763029382206564,0.7751216795385278,0.6276264786515385,0.7028455694666919,1
0.4186948666263508,0.8713292301522017,0.7198170700436809,0.5597817280557945,0.1961520491308761,0.2526064085882913,0.162593378133643,0.6461310506854492,0.5982167557829838,0.6409483464567965,0.0007497691794908,0.8681622258831989,0.7676483066825887,0.1562372253871253,0.2149737654079326,0.2042454376326305,0.3420637753613314,0.7339368915267339,0.7351342487902498,0.5443141878677845,1
0.625709129792693,0.1009133717249328,0.3367772300080964,0.4032951809892596,0.6973434273630954,0.9497722718820182,0.2761882040148611,0.1786791784874555,0.5599427233031015,0.1954461317309015,0.6039218289042001,0.0887111347403911,0.2107337022018841,0.8860973656428208,0.8702759389910821,0.7389952104890896,0.3147154559373357,0.2284513666404439,0.8313136036413763,0.9378937565317864,2
0.8566275375537277,0.6219347003853704,0.4274844839536151,0.2577231125952838,0.4702415129560937,0.364428148660668,0.9745215933481068,0.5225202818860197,0.7871403546140096,0.4585039178565713,0.2487245647865949,0.768912031759223,0.747798600636208,0.4539300700442333,0.6242436211083302,0.5569657862125279,0.6168122446381854,0.6132116754311228,0.183930503069736,0.2572355329041983,4
0.3399103150398604,0.2440026192631439,0.8897814662498187,0.4154806718214067,0.3827203199425305,0.5177508889076127,0.2771757846350989,0.644206741910849,0.2250883790899881,0.8682256306335153,0.7880173580841616,0.1037950211215738,0.055077961824522,0.684547966154756,0.6721069897672658,0.7662781651460705,0.7959778489799866,0.1278314777720847,0.4687093334312074,0.0843675327520062,5
0.6087010330149868,0.1049067391331255,0.3451438070200713,0.4713603411926687,0.9130629522881164,0.8457226894292722,0.3179105888627093,0.3636099688351263,0.6276283097427057,0.1117421266409331,0.5245982597624747,0.1534044317209725,0.1994315968234135,0.8390209838094652,0.8710784569134625,0.7401904276661301,0.3442478154630699,0.0198672413073993,0.8504508095410339,0.8702919872621088,2
0.5482453834286681,0.1151255530279385,0.2238235204264125,0.4317736682554413,0.992668495146446,0.8588522497193611,0.2453986555952932,0.173274968333915,0.5798027871462003,0.083848427293468,0.6138973375692706,0.1705479512396509,0.1184000795642817,0.9107566375540632,0.9267221521929484,0.8479876660967057,0.5032250649965504,0.1260586106946241,1.0,0.7617480967642807,2
0.1149401895459203,0.5351094871603403,0.1162093047757961,0.9067252673386472,0.6475110093209779,0.6361733719068664,0.4822019952733191,0.358778592952482,0.5441309386694105,0.2693405900252787,0.8346090955162897,0.6606916285539911,0.8775604904477491,0.8626407569734229,0.5642355706081114,0.9442531877625394,0.1253396934940854,0.4219188518495833,0.196313526663648,0.6600293334890819,0
0.5996057718529275,0.1401487798588764,0.3832973783043534,0.3993682307263539,0.7764003994179189,0.7501897665427181,0.2732108743784077,0.2574043557096733,0.6848460864661698,0.1188483445439917,0.5914797326388069,0.1753683317636938,0.1329937965236306,0.8945709946725156,0.8190573561518955,0.7974237316019483,0.3624233136114587,0.2215167779549394,0.8168439319249213,0.8426540657474026,2
0.1277678246253651,0.534491462261657,0.0883974859402356,0.8871705603455159,0.2569636618208621,0.7314256446089598,0.452915464759101,0.2391601987915417,0.5526798244887791,0.218852439601193,0.8923440604286483,0.6888266134750219,0.8793438357644587,0.827242251815475,0.5607965484768614,0.8999110735835897,0.1420785299698925,0.4503717093403737,0.239053223039645,0.704225227438438,0
0.4005841119480191,0.9301716824050166,0.8078106879778697,0.5712655808199715,0.3564769575891939,0.2504520421206106,0.3420361351740423,0.6675637847956675,0.6223092066674706,0.565711090449406,0.1302919524369067,0.8472880678173021,0.8509616133321105,0.0785188254423592,0.0452403991411362,0.121285244632754,0.2533605003877797,0.8718807403565981,0.5015750531100052,0.5436823188756037,1
0.1162384346458174,0.4708446603784685,0.1388435994405668,0.913710452521814,0.4594902304857417,0.7875171462492324,0.4521470769381076,0.1804844755351359,0.5998508081466717,0.1816345949256764,0.8298220227804892,0.7026545775754421,0.882333020478663,0.7567134297347904,0.497403202147501,0.8387881400135477,0.1021617360864792,0.4072762757906377,0.2506032248401984,0.5940046907588982,0
0.4470872104721147,0.2153943818571913,0.8755110797443163,0.3489459480906624,0.469103881667026,0.5761201411510534,0.257351557016929,0.6038309749053143,0.0603811773822314,0.7849961245877763,0.7097318068014755,0.1373466074836867,0.0948984421501769,0.8001003034987726,0.573027530719048,0.7511752155034964,0.9177503580223644,0.0233748234247514,0.5347415321892438,0.2046338670557318,5
0.8592295686677727,0.580324612751053,0.4485963871257756,0.1581873525773747,0.5412754563785778,0.3142455684009875,0.7876037197395802,0.4368872622959327,0.8997596571436327,0.3957597453756313,0.1409641413383956,0.6461826044807477,0.7309255170692759,0.4246535954862208,0.647964678694482,0.3588174691538077,0.6519719328181304,0.5851846288918313,0.2217478082342981,0.2289237007595705,4
0.9468512941862404,0.5280676223250879,0.4510128089576484,0.1800286893347283,0.6025132627361826,0.4141975486604265,0.9072524398408128,0.361373469002406,0.92568543414115,0.5040607382469369,0.2367078829171984,0.640172850950955,0.6929701920764096,0.4866008795124668,0.7206506917671209,0.5005859578719021,0.5566754088922716,0.6914388236680119,0.1308380957587321,0.3164432966424809,4
0.1559469537433078,0.4813650603244647,0.0663817905482263,0.9285118144468552,0.4090111423093382,0.7226884102708275,0.3887168738607349,0.2422924103338967,0.5422708738987824,0.2057124137029111,0.9008290123836132,0.620685659694072,0.8866591747730048,0.8591137600778395,0.4717911841967731,0.8270467523594661,0.1173793591826048,0.3575347986445554,0.2050340853362978,0.6391713812401061,0
0.0834502656011949,0.4898863088122036,0.0824761490747963,0.9831210043580084,0.5718234747354664,0.746579286115959,0.5174043687232619,0.2377869177900015,0.6027277900823608,0.2913538408546545,0.8835869667532696,0.6816559894883065,0.797742771417528,0.81782367339248,0.5486570366953264,0.9188544910025724,0.1525673108329789,0.292564182415335,0.1121009329680364,0.5431598448282693,0
1.0,0.5078030644017234,0.3801266448358783,0.0692147178111242,0.5386266493388022,0.2749075771213005,0.8799144627219341,0.2632332247705211,0.9055104675224376,0.5138411796207502,0.1733178661074639,0.6322778517223154,0.7118598474795342,0.4840940112158685,0.6742210664794809,0.4883155086743446,0.6421610133679437,0.6242064298552694,0.1753214179817925,0.3047702978987237,4
0.388578214167216,0.9005629753696345,0.7096392883422034,0.6728641652363994,0.2654857100145109,0.1361510701869687,0.2110509655544075,0.9310511070848706,0.6174751439384637,0.6595810825682388,0.0953850836477932,0.8291656433719895,0.8096935208542223,0.070298328034519,0.1263386950604886,0.1223034179344045,0.3761282477935463,0.8355736704803353,0.661188925746278,0.4933637229906422,1
0.3455388392348892,0.2449535148923384,0.7611396947211809,0.4679442627703296,0.6209951775745389,0.5270681948102036,0.2533774294298622,0.6731898061380659,0.0824668392145502,0.7971738770110472,0.704521940031122,0.1509004497042642,0.1021970435937824,0.7501168922107448,0.6816469288040993,0.6651285584570573,0.8410974650516678,0.2145434576368124,0.5587354030164017,0.1911156742876111,3
0.3456830954129212,0.2495335930856878,0.8851922678886621,0.4387722465724866,0.4801551875307772,0.6521901347130419,0.2246873655557751,0.57766965549081,0.1408996555400286,0.8647887979943264,0.7342812777618877,0.1591327748582211,0.1060283909315931,0.730315050171232,0.6174430118466012,0.6665707874058078,0.8252479927074562,0.1369945128947609,0.5728080877053636,0.2582209946057017,3
0.3066231472330077,0.3244219516638259,0.9216869039480876,0.3388392958928815,0.4872205680788318,0.5345757905692714,0.2463638925176217,0.6305963492356765,0.1075229285612412,0.95243738061435,0.6961309317548138,0.1241030469313958,0.0890819244139268,0.7926228523614464,0.5397784880292908,0.6438817311937237,0.9101982755821512,0.1872452486368185,0.5343283303350304,0.4272953503080396,3
0.5743781082884347,0.1633682127351743,0.3318663934292245,0.4239605335135557,0.7854195194007332,0.8003572431404362,0.3961828503874537,0.2902746688746352,0.574607363572447,0.1451040889446778,0.6011521310949147,0.1664223811828636,0.0996424011726634,0.930415086981508,0.8289647921625821,0.7382495031023697,0.489258527044272,0.2169645981865468,0.8355460046787203,0.606939304304697,2
0.5388974866725693,0.1197683122275858,0.2991465582480538,0.4672932944697417,0.9505309049953612,0.8647494137823883,0.3924872224859876,0.2380901962398477,0.5982048769204519,0.1097157883445902,0.5697379475225489,0.0635939998495925,0.1774212734062102,0.8724515626219655,0.8901026889772068,0.7641965462272805,0.3408533929367797,0.1339905681101626,0.859503645359444,0.8457856251752345,2
0.530315197478463,0.115769519044348,0.2538964661955598,0.3696039783876872,0.8783842129755598,0.8272747228242825,0.3458925092064071,0.1091395752700615,0.6436080376306538,0.1016199161495351,0.578045756433365,0.1310945503765375,0.116719518725977,0.8193727243826752,0.902958909240278,0.7805767140393872,0.4108106905039998,0.2250645074989282,0.8649432064484587,0.6401356275276321,2
0.418406475826945,0.3428342216427871,0.8393980836502596,0.3610970551653438,0.2176516829215261,0.5656359583335157,0.3055658489100816,0.6177912276664085,0.2287684796635835,0.8554657416322896,0.7202190424704971,0.0994213136531085,0.1288677006936904,0.6370047496527759,0.64782786389756,0.7153585912963382,0.9037833408501884,0.0881759341815585,0.5356966088507193,0.2967382285240269,5
0.9194858683188636,0.5972205735763199,0.3801560001407992,0.0949726758376846,0.450074305287704,0.3170267188744534,1.0,0.544568139950139,0.9098397063891028,0.4250388823242213,0.2259934194432908,0.6238026029610492,0.639539079134262,0.4852653262857533,0.6304221452523868,0.4101682389714437,0.561596158649899,0.6433045812638215,0.1952680480970231,0.2184892173345269,4
0.3892731046509596,0.2537761874235186,0.906994980355245,0.4624622619971847,0.5563105680273108,0.6291864047141338,0.3087722794045553,0.7015645931942575,0.0734134245220668,0.934936979924859,0.7853757912086883,0.1519938005371809,0.1032793128212448,0.7699879703311863,0.6391267855882937,0.6675665389686652,0.770547191465684,0.1860872269943762,0.5538603388493328,0.3014234757509508,3
0.4808567789823071,0.2877956479726584,0.9289429161638726,0.3868905657611995,0.5178122777857594,0.6274211706570507,0.158224889062678,0.6225373061566485,0.1727047389221447,0.8815159182231397,0.6660902243695662,0.0520303311215171,0.1042194373976602,0.7347054660288753,0.5746756082566029,0.6858819984706805,0.8621323215716401,0.2146627837901717,0.4152425236264157,0.1264219924616898,3
0.3619423567389177,0.238802233704484,0.8005580686691294,0.4451208710375234,0.4548646351805867,0.5189761401194338,0.2194259071899148,0.5916604822830904,0.1307588013492666,0.9097900382235448,0.6993000760732405,0.0523797626024424,0.1108200101397596,0.7274823925478541,0.6032804267816847,0.6492127253936972,0.8470145909487232,0.1681840867160849,0.5288174118885003,0.2701801112832985,5
0.3626507329985926,0.8583032590352471,0.7613580619431832,0.5687657867955914,0.1929413737494383,0.175178793331613,0.1702135624285374,0.7727329333782762,0.5860303512510322,0.693032292151258,0.062347692611563,0.8897744955344262,0.8272828127755737,0.1455370200228302,0.1131467514933811,0.12089040991555,0.4076989038386991,0.7103257595637401,0.555928219894275,0.4941170633168417,1
0.3578559412986147,0.3740252155530238,0.900795045611,0.4272021742168136,0.5828830165043045,0.5867514385868018,0.3085060880245481,0.722307961956708,0.1557952344697246,0.8523677363277444,0.7222008845120276,0.1309191683982268,0.1189277738886618,0.6747622539228108,0.5764754333685497,0.6633988712994381,0.787012748042801,0.1287932987318503,0.5232552764710787,0.2750632876170811,3
0.5990536547735575,0.1835992173558366,0.3432451556380738,0.4980645513795254,0.7225983083681907,0.9701292660688222,0.3255666653381321,0.1219301159061721,0.6675561915213301,0.1317703329142708,0.6167604212927448,0.1942361308011381,0.1813081564430806,0.8402538190464824,0.9009024002703234,0.7565137562636968,0.387277446398588,0.0416924178683806,0.8822344377669594,0.7368089056639903,2
0.4040940845339187,0.845649993294246,0.7226767230495398,0.4880240862795648,0.2247590080856028,0.2571558497555984,0.2656135866953795,0.7254553383451078,0.5846239400086812,0.6644625043338334,0.0710778989009965,0.8838393274921483,0.8092929429132741,0.1812079560851718,0.1208379988870058,0.1332668465232947,0.3106562900052044,0.7615262810437781,0.5878731996190016,0.5650373283373205,1
0.9666309477070736,0.5928139934932869,0.3777666247883267,0.0543266841637382,0.7181030927607286,0.3333742760994922,0.9250007952687068,0.4747984105061676,0.8516038410233451,0.4840851373619956,0.1667775496056256,0.5844721401858616,0.760814172180149,0.4723233218587611,0.6971698652082446,0.4699888918521644,0.6082908092529693,0.5599459792855885,0.1684854981904436,0.2000183514953275,4
0.2911576918254367,0.8109531330470509,0.6826168316607935,0.6177906539340268,0.2130088430789871,0.1417837745053848,0.1162596332897457,0.665809951741992,0.6381005350622703,0.6237299970744049,0.1239340828289873,0.8306295895654502,0.782714996232908,0.1835731424369365,0.1551677293166684,0.119816610932128,0.360167248684788,0.798800781801905,0.6021492879926428,0.5066449457702423,1
0.4970390524460574,0.2629724520299136,0.4314877207018749,0.3932994351114643,0.6250593883011772,0.8620050775265782,0.2490813267542051,0.2572121100147698,0.6235467299435958,0.0876044549592821,0.6286241929809587,0.1733946929441894,0.2014898555517045,0.8731001624627122,0.7881025654718219,0.8030110068546352,0.3389620812955092,0.0992840284494761,0.9256063135317848,0.9643006877559976,2
0.0678969047621465,0.537877761459565,0.11313357611911,0.9104378178211284,0.3741807569230773,0.6386915533293158,0.4161964156591569,0.2475895991355648,0.5938258802111507,0.2401279785773975,0.8853456453983773,0.6773332441937618,0.8842935103168046,0.8951184272188746,0.5457181567229723,0.9080755177031292,0.1467708847912523,0.2319924492510831,0.1607883469151259,0.6351482228971252,0
0.4118775815613919,0.8296145725872226,0.7819212048178139,0.6100040156737199,0.267513248816445,0.23900204581308,0.2190591642551989,0.6808442083570619,0.6754294770774569,0.6618498782945501,0.1349999616813362,0.9360708649702364,0.735673384278841,0.1147910349549539,0.1006681449533352,0.0685870411874697,0.3727048626036392,0.9927484391659406,0.5127539709823842,0.5306694445015344,1
0.1673868896608863,0.4504506101195426,0.0,0.9286002473917904,0.3157711603881516,0.6578844287482275,0.4827065480535414,0.2073422869640771,0.6057881308935974,0.2800065111585914,0.8464857179968283,0.7292652576244919,0.8329925216884884,0.9279880693285446,0.4813258363200002,0.9233410110759092,0.1710882600375762,0.3638003392639167,0.1789489950480574,0.584175980213951,0
0.892786549021062,0.6354206107993712,0.4194769449621932,0.199852447429741,0.5747623490262638,0.3349297583870237,0.8845652688446208,0.4128740680124707,0.851503191416588,0.5229422462447346,0.2021105904185387,0.6386170889057068,0.7360268397912095,0.6289753671848602,0.620926694724258,0.4100004897536461,0.5061236028861326,0.6561888027577565,0.2088645828928627,0.1873368280292697,4
0.0739424074084205,0.3855115651217532,0.1623167470250499,0.8425260829957983,0.406415019064787,0.7545221801137297,0.4086196470376912,0.1708059532741976,0.572833503486262,0.2816991978107911,0.827100165353169,0.682527476245769,0.7942989551849245,0.8003881815096848,0.5148628970560236,0.8277620251699873,0.1076057210371703,0.2351528514893738,0.2182319627684196,0.6812740288658722,0
0.4501919160250912,0.8249928530681897,0.8257262991636624,0.608210695866639,0.2354113339493383,0.1961569322590957,0.1145923093673187,0.7872167371232873,0.6192628686307545,0.6683816197411288,0.1222376025563231,0.9890282307133732,0.7527203019691063,0.0947177360290488,0.0940432393243515,0.1182208297133021,0.3178912823065659,0.9030841260359844,0.6768019082961508,0.4824169399725375,1
0.3421697168717392,0.8705294276071445,0.8019782542549819,0.6873398156692787,0.3028839357059862,0.2063063314755437,0.1801275625819241,0.8668352838945327,0.633045822932038,0.6148377231028008,0.1648538678412394,0.9016962164254912,0.7569321229448586,0.0954491183792168,0.1370225558493774,0.1665445553632816,0.3618393234720278,0.8352441813478471,0.6860376633052978,0.6274242571566895,1
0.3859660184133882,0.3036424749036752,0.9061625422894888,0.3403256519253727,0.6042019806567396,0.5049502616366031,0.3084340572094816,0.5441841702319554,0.1588039030574285,0.9448177936879748,0.7043131366924368,0.1488679391246098,0.1431688471426998,0.7193305150103055,0.6999136398044324,0.6888167433935746,0.8204940381394723,0.1227068161126654,0.4787163900927426,0.1919654623911083,3
0.8983209322718437,0.5968600570558568,0.4278684801505925,0.1187732156216333,0.4624215376820775,0.4255216748588593,0.8749344924974594,0.3784047960805679,0.8705725019690554,0.4678677723990206,0.1493764839077789,0.6094717866369492,0.6937682504941641,0.5194801853298167,0.6352842830089211,0.3629470775461568,0.4753227904794742,0.5674313545968596,0.2657721197951054,0.2323021778240993,4
0.4199458713858039,0.2969202598637432,0.9235489389434924,0.4098889635342478,0.5129221976192562,0.5920939642401956,0.2970975561170951,0.544079295372167,0.0874996888388275,0.9301799418607926,0.6156268130550806,0.1557103914819492,0.1632329988345229,0.7256466923444057,0.5951262450079556,0.6888822657796307,0.8130268009142737,0.1633707994636623,0.4950320652193471,0.3354352055157907,3
0.6019199118352092,0.207906663537705,0.3785194675266276,0.405662852706195,0.7366280700673169,0.8136950896284448,0.2779186592991534,0.1818984442915257,0.6360815080428189,0.1156618742926712,0.525660138044473,0.2151505672962827,0.179932221418694,0.8004453780751348,0.8378452275105838,0.760165042675937,0.4353566804491482,0.117971868138574,0.9034471213566996,0.9015150784664112,2
0.0,0.4680149481729547,0.0946187593324524,0.8501685258639375,0.3736931954131992,0.6801678743364986,0.4425099552777624,0.1223509172729515,0.5735594327506831,0.2886293764822448,0.886068291909291,0.7267725817539682,0.903015902559782,0.8799737234858233,0.6014398328349901,0.8446820699756785,0.094542950376064,0.4003530316895605,0.2488815689502885,0.6593043722871288,0
0.8094374825115855,0.5464974683275933,0.4110911217023668,0.1762153170339382,0.4340003467082327,0.3126510557599108,0.847752102579293,0.2298647875191635,0.8820582043315147,0.4986509356688788,0.2304318968644432,0.5972998824060699,0.6701745618455698,0.4794921473547621,0.7111989668556838,0.4563304956408354,0.5928936207790027,0.7569586954127903,0.155275994722341,0.2107190980695454,4
0.8477084803879843,0.6318703677778317,0.4397822121156376,0.126899393195409,0.6937655159020054,0.3124066637299457,0.7824097827359924,0.2449766366141981,0.8210204265866702,0.4917542235169664,0.1606549391549934,0.6545908694920501,0.7865054461794044,0.4266973178726151,0.6994430123641532,0.4737355582568945,0.5353174859434503,0.7738478373012789,0.1819726172256951,0.2096504803925558,4
0.3681609871082265,0.2321947442753164,0.8430681181550688,0.3975136955182824,0.3912807750834907,0.6159453495955757,0.3027517584959477,0.8393944840647098,0.1841172169230858,0.8765499317867639,0.6914664567901493,0.1750065201026895,0.1324629927644899,0.7078903336738905,0.651429266757466,0.6119022015191297,0.8256004379376436,0.1964023466857978,0.5160612164007295,0.2261830643958587,5
0.8129288869549745,0.584910593574204,0.3528635490735656,0.2034078277887506,0.65755139236091,0.316650466424525,0.9800149417747956,0.4098314192835694,0.994940844196447,0.465483412293253,0.2133081773798701,0.699700885264383,0.770459966446021,0.4994466570657953,0.6707792589185021,0.4758065060316973,0.5353389300672052,0.6751482103301574,0.1335850253861011,0.0755211271607331,4
0.9221041119928678,0.5950331410747189,0.3949452524616755,0.0952091438082334,0.7184273955223632,0.3707487459765483,0.8390179130122439,0.3203127076445139,0.930991496295435,0.4227987290281474,0.2604795087853914,0.506182852087074,0.7743950585635089,0.5028276874471886,0.6779680948518634,0.4449234468703075,0.6753188440321388,0.7220761530702137,0.1518616421900595,0.0826018124906757,4
0.3559461569335537,0.760369644346588,0.7065783981775946,0.6542044976004325,0.3101302579060397,0.1831293142503776,0.1214641710514409,0.7545132217595222,0.610651935473066,0.6016207358319944,0.1676643833397442,0.9097945355307504,0.7706469771461516,0.1205199584170322,0.1319365666185198,0.0441975324259993,0.3410673920119417,0.7665546337681398,0.551662303507361,0.5108342969659456,1
0.5755391890956016,0.2276428924940391,0.3020916138228784,0.3250165759596269,0.9069120442498676,0.7220143920401224,0.311673576511907,0.4663161669840707,0.6034019759773819,0.0823061057026447,0.5796587911967881,0.1325997659456379,0.1735208294497556,0.906628602962906,0.8063485570898525,0.840274358055044,0.3682345420634474,0.244802985621908,0.8286327033547006,0.8922766499993404,2
0.3411671827199041,0.8499518099693638,0.7786181231216316,0.6440100029872263,0.2416541759276462,0.0889010731946837,0.1999855882159047,0.8081576774701933,0.6391763585392927,0.6918734038013274,0.1437813574210362,0.8935906626923457,0.7720296438299036,0.0374870294843453,0.1427548581270333,0.1543981366673302,0.3666414547894069,0.7182799566061409,0.5534208549625841,0.6244656162663502,1
0.805043672202934,0.5750558321529444,0.426874335238297,0.1563928581662431,0.4613521177977096,0.4161431400299048,0.885816724903835,0.4737059373773544,0.9462874590109704,0.503838789933274,0.2380212508446781,0.6399972561554279,0.7526757237892207,0.4874568913108475,0.6209928183236902,0.4593535878402185,0.5900681948494001,0.7133586756089809,0.1882903449216726,0.1641955504066477,4
0.4891136525217482,0.8816943452259972,0.7906071668735614,0.6004033312936873,0.2404980811763761,0.1521350718359932,0.211910805953557,0.8281945057656749,0.5742353739561658,0.593734279405519,0.0365243966801605,0.8950316415846741,0.734554676614595,0.0084735682472941,0.1436280138222909,0.2679969947620522,0.3553984143155278,0.8691801327030759,0.6112580145410644,0.5261950618062754,1
0.3273551609663193,0.8554826223405055,0.8380099608652197,0.6567340051529388,0.098469894719962,0.1782794211102526,0.0701298917109472,0.7608221619808976,0.6997575866635851,0.6103784505753941,0.076236473789573,0.9078502314976896,0.7158254900053499,0.0872100142062879,0.150663806671948,0.1179544306016257,0.3402630029712029,0.864793365348149,0.625767190894508,0.5612166416624064,1
0.440271543865677,0.3041309374872468,0.7727896474750248,0.4581498658011961,0.4740209892548847,0.6041433852405674,0.2150022358146718,0.7606811908706923,0.0732510362732082,0.8979576999118104,0.7471980526537901,0.112661227791068,0.2004934046092563,0.7489177736874475,0.6434399657412893,0.6069880891865022,0.9438327814924172,0.0715791254138114,0.5809172715649977,0.156149149334955,5
0.5715586242663002,0.1333637326557477,0.3321569486706829,0.4673530033475374,0.4962517499115863,0.8708632402247326,0.3290994188156738,0.0900864150596837,0.621036040149162,0.1410809699431978,0.6057144851059224,0.0131276115012379,0.2223795204095223,0.8338156891877916,0.8867502304616744,0.7947744387675094,0.3071506400739338,0.2473857625104355,0.8387868165300303,0.614254344740409,2
0.4031463071611353,0.2304030984244084,0.8941983178783961,0.4076002579535023,0.5227397262882681,0.6458692870843054,0.2495668303772532,0.5937220021175772,0.1680908057403634,0.8999983843221397,0.7197380771724193,0.262943183231358,0.1030857718517302,0.6898387086587592,0.6339392684041881,0.6452986244563823,0.8633459426655098,0.1021458447484006,0.5092724424758265,0.3950439368172544,3
0.4059553751063445,0.3552817086913009,0.9210526950529389,0.4214245143959544,0.5636637598745821,0.5589271770932277,0.2333052411080085,0.606327948820389,0.1264512836296112,0.8513847529078403,0.7606728725238731,0.1346721284218316,0.0860488365373331,0.833836596440568,0.596593500317286,0.6882031663264114,0.8560056891996565,0.0759746578291172,0.5969718260107448,0.2944350594246041,3
0.5729501897194975,0.2075470762075967,0.3493398915459964,0.3574683184904395,0.7807857378129149,0.9302573432013648,0.3305463907088698,0.2253390511759274,0.6805260128324152,0.0684427918928413,0.530320062206648,0.0623285437169091,0.1817771293115288,0.8896437913744347,0.9300571865762084,0.7656702007925379,0.3353936785362383,0.1983985135457019,0.8610476321872008,0.6413701424691904,2
0.1706885334365826,0.4699988366439717,0.1659905140384487,0.8867711714545282,0.4672887325183973,0.7116281048858591,0.4351247686848764,0.2510634244098193,0.5831688148688609,0.1831983583450847,0.9335840088714292,0.606079076614216,0.8355424070127937,0.8113772655538779,0.530341709471534,0.944952823866978,0.0342529234677154,0.3053907852090844,0.107274447262395,0.5951465150200286,0
0.163784290742477,0.517182763043393,0.0338519408567419,0.944316198933736,0.6652571741774436,0.688958979649311,0.5482900727140076,0.2130777624868957,0.500443288294537,0.2227029502349614,0.9158957058160724,0.6499065696691133,0.8408262256381475,0.8527797367067708,0.5109310597441024,0.8961467011634957,0.1429497670291633,0.3736243669082459,0.1930444992853457,0.6134881797320663,0
0.8699213311227205,0.5951730549340388,0.432337258027109,0.1205534145713607,0.5365616884931972,0.3192692574836723,0.8572860842868658,0.5090498450501605,0.777785508512373,0.4953835765533616,0.1659137556061315,0.6009522869064782,0.7295501420515308,0.3975894806602011,0.6385608180881752,0.4059018056770648,0.5649150522408559,0.6197802068860748,0.2757870290615578,0.3769485240244162,4
0.6315465605741025,0.1332624487459605,0.3548502660257944,0.4109007474619487,0.6582550167002512,0.8011365403728047,0.3958814281115148,0.2877966041475552,0.5990083820400609,0.133247089833051,0.5662665510078042,0.1962715599752917,0.1574467339812212,0.8807317895881932,0.9111908057968416,0.7181746643562983,0.4323708458685234,0.0818535844838193,0.9410246037367932,0.7523291322271684,2
0.355520004944275,0.8629003647782048,0.881714008387405,0.6040057926306306,0.2012785280832752,0.1217953873273319,0.2136039562854632,0.7489464884217347,0.5796807869840049,0.6971126223295105,0.1662545572571732,0.8427338026460599,0.7015759961192913,0.1726197519952367,0.0936661871792364,0.1848623672847404,0.2485099485183265,0.8778885237087977,0.5403041611034128,0.5951622463874328,1
0.3775246915307389,0.2491679375201577,0.8361798984839387,0.3799246526770288,0.2706529409420102,0.5445423640676694,0.23056483495938,0.6492843084070863,0.1348873118787499,0.8844770202474377,0.7131066191054652,0.136521291632476,0.043116417735272,0.7084130369601433,0.5687817332808256,0.7029870846846293,0.8850381127303865,0.2326184167592463,0.5682107811968554,0.2335399874819702,5
0.4319752029867761,0.8133301316284154,0.807268117528905,0.6485015538427579,0.2030486895452677,0.2350840061139516,0.1635826545767974,0.7638173965380941,0.6045657507504737,0.6476827107758732,0.0684016705292817,0.8049303189831388,0.8401425528880403,0.0771076636327734,0.0766874088790862,0.0419551497278784,0.3140994305207091,0.7202368323883888,0.6849157205804813,0.6206296383926997,1
0.7237728566595696,0.0597008160695757,0.3905223909419565,0.3831381299768487,0.7400716768471148,0.8179931714045741,0.2785820207686598,0.3498495779494521,0.6407105856794834,0.1266271075994395,0.6371342704377461,0.0658132242872942,0.1143772779678782,0.7620527443887759,0.823002847236679,0.7665844440212859,0.3605472933648321,0.2061074707914313,0.784793818730657,0.8437567490009988,2
0.2919122564155382,0.8638746414279629,0.7356573549889447,0.5639422010301071,0.2463382945554216,0.2332358378916389,0.2236344725093975,0.6305113826725186,0.5676508268949485,0.6879729748110905,0.0663746585969285,0.8601748543231391,0.7996636868461631,0.0714468111624745,0.1289645348556642,0.0735896274263389,0.3230159491035939,0.8377384009805453,0.5160480710234527,0.5662103790748996,1
0.9431293954139458,0.5437231004090477,0.3555908874007195,0.1540727404514801,0.5372881223099542,0.3650963095657381,0.8954610496446729,0.324784380850517,0.9487766047507176,0.497242430250398,0.2419536482255085,0.6104290564841308,0.7389302054574444,0.4872006949002441,0.7252956914002996,0.5094362447750092,0.5844316766204204,0.5665120094428263,0.2843073153563393,0.2746455465489887,4
0.8882669021082364,0.6250703094197559,0.4248671849508476,0.1177244165271526,0.6128299331883824,0.3025171127532537,0.9825965476135085,0.4053304886600345,0.8008856447139472,0.4162167174713686,0.1935406366214489,0.6381246318193259,0.7963517199415341,0.4264038372996777,0.6748692880033277,0.398530369190934,0.5554495163837997,0.7931517249058918,0.1349268675380872,0.2812419926592767,4
0.5297609731944258,0.2048784791399316,0.3650576203288307,0.4572098122088039,0.78806549560032,0.7080089947174083,0.3120984632099499,0.3004646251699449,0.5602494122455886,0.1076156313783732,0.5736894481022541,0.0011792011832517,0.2341650155065114,0.8276207208224737,0.8808334002234346,0.7609805966168848,0.4177651880769061,0.2277942013378299,0.8491564685273773,0.7122013488010388,2
0.3898515456632791,0.306416521172091,0.9524074855133926,0.3253489844775229,0.4415423781410066,0.5735568048383142,0.1899197907514566,0.6191436507956881,0.1463669441570537,0.8569252728023667,0.6568114151397894,0.2975619170084326,0.1284589836648871,0.739891245646978,0.5641730233682638,0.6905255339971536,0.8285263584523054,0.0258002853334223,0.4760479483772271,0.3100923119425077,5
0.3326604096648398,0.8504468347815126,0.8269663762604632,0.5927533841425923,0.3117831827135255,0.0991083085765705,0.1986874030609403,0.8724617102724787,0.4989915657453553,0.6163272414100983,0.1342713955027307,0.8586944712061783,0.7923494632235336,0.0930076138861236,0.1271770407018262,0.1368180756992491,0.4119043893400304,0.8312257419647,0.6189876810783855,0.5003197016811489,1
0.5782138990941641,0.1155051138493617,0.3617035606662124,0.4277315337368494,1.0,0.7680640904878004,0.3875849679334573,0.2959551707680441,0.5679911370250715,0.1308000165199621,0.5645769368478784,0.1431558406726787,0.2284947968059217,0.9015634260317816,0.8768787166542098,0.7367321674143428,0.2777173063022574,0.1872645732392874,0.9158057846715152,0.6607541528237049,2
0.1607015727115382,0.4736718922771317,0.1453146294618466,0.8611670610115967,0.385388301360041,0.7226766605514308,0.4593243524001109,0.258661855246285,0.5549407111967745,0.214977051773317,1.0,0.7362008555219691,0.8765699816472636,0.8087490233240958,0.492604103414633,0.8662279124520533,0.1447652462498856,0.202646241863576,0.137943204058988,0.5429408574202628,0
0.8623881058514444,0.5571625682771839,0.4403572637071057,0.2058105821424246,0.5565537526445214,0.3477040492195082,0.8004329046882854,0.4626038536488897,0.820584814670738,0.4446560527479816,0.2296835967046293,0.6817511283214858,0.6985358343066723,0.4536519241870198,0.6392204943829702,0.3937696355140433,0.5458168204146114,0.5523685141658006,0.2260885049956937,0.2547376154840103,4
0.4900277567479981,0.3221431044146451,0.8819950505660553,0.4067556872644782,0.6031954157903754,0.6148063330828362,0.3412887471339441,0.4930551182736529,0.1529405067022002,0.8520898816020517,0.7846094943385887,0.2344514652611804,0.1201620573925364,0.8179271845798548,0.6950166270247735,0.6817206102820776,0.962295847211485,0.1623078370948447,0.5230161624391305,0.3150775483184831,3
0.1033104978010446,0.4218328729702207,0.1343062792220234,0.8503990819304613,0.5970440612181038,0.6410539870783952,0.4556724143004831,0.3553140345703245,0.5879756832068063,0.2398051681003898,0.8336013323474512,0.627828425494366,0.8942307678628352,0.8947629520815601,0.4898362874179757,0.8120383249730312,0.0032756016845649,0.2722953267549655,0.2107960823461765,0.730735233352605,0
0.325411238369299,0.8579297563873063,0.7400828350100509,0.5538645164981246,0.3283876016545953,0.2648446429550598,0.1008907679692102,0.8004413722937586,0.5782282571906778,0.6264982855975795,0.0876593044112323,0.8311861404242742,0.7771776110477,0.0771427884620956,0.1369920452363752,0.1430142886038242,0.3420915037825708,0.7436702572955768,0.5757188104215147,0.597756720965325,1
0.3173833637292564,0.8709799982011016,0.8410783234663052,0.6328548144566335,0.168942614311861,0.184796570947229,0.1517727445207408,0.7067864742598848,0.559428811136406,0.5814212588506072,0.0972931717831154,0.8764040794889116,0.7735023542577658,0.0993229908569771,0.0793119730374599,0.1753109431745607,0.282094280096858,0.869957950212373,0.5556262391354281,0.4752737408686659,1
0.3912693173703691,0.2632957753317805,0.8123719854815987,0.4352420592472793,0.403383485678117,0.5744877646354154,0.3379945086875032,0.7050793837902446,0.0556229021656456,0.798942802648162,0.7109960571481959,0.1054633548677739,0.1448080619112544,0.7378258389268775,0.6242445662699238,0.6433341798931299,0.9275810169606216,0.3663217192925819,0.5200754129797273,0.2720977099536665,5
0.8599896629583986,0.5621741897798211,0.3896902141545398,0.0921860129621609,0.5130029352104639,0.4205853325909809,0.8660040929724723,0.4860501016192207,0.8421898267137958,0.4890000249391448,0.1904934056981399,0.6537879929366879,0.7250686577985572,0.511745186420382,0.5542702062926168,0.3740713916882963,0.6003942470328452,0.5316954328797483,0.1670654375355206,0.2217169110956865,4
0.6688525713368049,0.1616274082903571,0.3181565510163808,0.398254770900823,0.6662777935128538,0.7874302415982806,0.3752388430459841,0.2895901157830823,0.6223543864416536,0.0535565187334714,0.5660485301711374,0.0774136616514379,0.2150285833602047,0.845022499142516,0.8036421929447971,0.7591520225042229,0.3212182079499363,0.3040243144864499,0.8241213278055245,0.6659119463357006,2
0.8279798302889834,0.689330063595545,0.3749499640460464,0.1185657623643873,0.5110755757983051,0.3366794004239294,0.8455421115980345,0.4234407170029033,0.9273607029617086,0.4745938743474806,0.1471626691305308,0.6146278625671339,0.6996468317013429,0.4802165232861149,0.7364264546016195,0.4448797922109451,0.5779021748813638,0.8014250570943434,0.2389354022005058,0.2755261743416348,4
0.1171871094572134,0.4151343724718161,0.1459653495670458,0.8718060960679894,0.2173805843998525,0.6953861702793681,0.4971562834703108,0.201394282158945,0.6432608255696077,0.2515383152247475,0.885461465692231,0.6882392011457803,0.8594198603595036,0.8104930750132319,0.4991494591530475,0.8964479311482588,0.0817875799467214,0.2619817594244583,0.1593898602459656,0.7645568952285343,0
0.086971990213554,0.4688592846259761,0.1425056894610287,0.8833398365666163,0.2224008253861552,0.7822683665734479,0.4508446885864816,0.1962863432810821,0.5996587060561652,0.293650694162937,0.7630273287078213,0.7124828686933503,0.8070843089143476,0.8406572299422785,0.517445433520573,0.8970458380078788,0.1069574892345589,0.2040548010254134,0.1920061588738917,0.6204583897833891,0
0.5071441396314578,0.2913245752078838,0.8637888455798319,0.3597900560808514,0.3964855968925477,0.5405214276210389,0.3348221934897272,0.6586069236185488,0.1497902451876935,0.9318187484933844,0.6209697009748256,0.2233458992387162,0.1228089489782297,0.7591292386523031,0.5742404517972418,0.6408624308501126,0.8630726216638752,0.3333621666179706,0.5790980329446413,0.3477342270963952,5
0.3955111930148107,0.2131004867025439,0.8200184839637411,0.4016033952079887,0.435914457429038,0.5072839644415396,0.1737594131504675,0.5995718209938445,0.1341717743135642,0.8670006622338753,0.6964542218937585,0.1683700502434369,0.1636015913330769,0.7545869034983713,0.61143546350085,0.723129930292571,0.7858439962620118,0.144972446489529,0.5222054796510721,0.1323523767096653,5
0.1402903004030414,0.4099403840676343,0.135120440208356,0.9984944396075676,0.2991368897876942,0.6962887922270476,0.3084345315594884,0.2051661749262177,0.5931409020733207,0.2608151472789672,0.8767869262903732,0.7314125675320671,0.9636046547990786,0.9095563967365492,0.4896095408374817,0.7949523253941099,0.106612804752802,0.2730172166289853,0.2382471650658739,0.4918744993447307,0
0.1231281569469786,0.5072623727656342,0.0782949995157734,0.8742105115142268,0.2309806234185005,0.6445805129521054,0.5354801429309842,0.3600483029774096,0.5664193805952478,0.3010165800364437,0.8680341938527095,0.6849645304106241,0.8619306408718101,0.8117043234118476,0.5032500178514485,0.924329139827234,0.136436550235569,0.3851416544634147,0.2681856466465493,0.626352535045954,0
0.547212078663257,0.0975363251340465,0.2860165287036467,0.4368213438273375,0.921842452711042,0.9507180930163636,0.3710177303355389,0.3145306607940007,0.5791093367930324,0.0802383826893602,0.6158699827081175,0.1588170100469977,0.1713758014321573,0.8927376519169945,0.8695957748056082,0.8175302727522397,0.414456014898125,0.247532048143625,0.8995285592215384,0.8283796661208775,2
0.8094007394520463,0.5480075292797906,0.390661440411188,0.214111959477977,0.4667875838083505,0.4361507302643668,0.9284959057443236,0.4400531105459433,0.907267161454788,0.4648452458344936,0.239176002667481,0.66307451334359,0.6553610816476562,0.4945618269619369,0.7087835757432361,0.4333141609392716,0.5887417862727369,0.6248991128522695,0.1200952719173036,0.0965556507842861,4
0.6180080840013121,0.1980530224413847,0.4321536294196,0.3199905633219798,0.6733647714235302,0.916135147250467,0.3055508263401531,0.1709711765415684,0.5486720081292088,0.1019208556498356,0.5253004369422922,0.2295725390749146,0.1624852925085179,0.8704035139808625,0.8839891853651831,0.8017617405844089,0.3992257602689548,0.2746067853938082,0.8258065315314147,0.7540970172983086,2
0.8718550392557345,0.5441207337567818,0.3694055001388051,0.0560373194791708,0.6165334049842986,0.3231260818837049,0.9068771229356782,0.5159383720242684,0.8851311715900869,0.4612379712668591,0.1963146265539901,0.6355049444449825,0.768460159804002,0.4934105984651494,0.6498402129817634,0.5014780103927435,0.6396750700740145,0.5759045810067153,0.272285762962008,0.2617862605418401,4
0.5659592172911048,0.2066771744648337,0.2607707899875028,0.3524868041759391,0.7050590347370597,0.7727743226223753,0.2396431202845789,0.2511036141071687,0.5935596110387873,0.1391417362636416,0.6146387651320531,0.1481493317040872,0.1920408705157633,0.8722647342537747,0.7970223614544215,0.8076114316466088,0.3191125661741549,0.1283394399320083,0.8506429006299938,0.7093057044648877,2
0.1915691690590645,0.477042955310713,0.0740047691503832,0.8764207278431068,0.4492249669053422,0.7001565254562778,0.4963776993115174,0.1117911581349833,0.4950964277738928,0.2397234818814767,0.8525643503778938,0.6663476149513005,0.790228167582402,0.8185519579355394,0.509970785823599,0.9000712261602302,0.1319684822002871,0.3263566780614672,0.2701740463064949,0.4751656896672866,0
0.3962041203389486,0.193666452972164,0.8953085167215974,0.4335958068885077,0.4583253488728342,0.7107150544760293,0.2248498202140638,0.6291865572586592,0.1143450833444352,0.8658654327587767,0.7025536160515948,0.0970163188108239,0.0994962815463506,0.729786037785905,0.6709771371591897,0.7889286913788601,0.906363084807934,0.1042624919400438,0.4984722519908168,0.2330116566527902,5
0.8544211106050444,0.6018675218684143,0.4838072052695284,0.0936395494428905,0.4513372664688291,0.332385571466457,0.9310731881791092,0.456924419834523,0.8277848791795682,0.4894712197566866,0.1423275577011009,0.5926706002850212,0.7148164569706928,0.4485163676582585,0.7167259123923936,0.46404469379161,0.668613395756213,0.6593523530885128,0.1921935299590644,0.3301469783724929,4
0.4292823041237956,0.2986404718169045,0.9028009691945657,0.4617971365494231,0.3607007683995188,0.5546493951547092,0.3533157720097621,0.6423516728788804,0.0,0.8608221327314945,0.7222612168080703,0.0430394257450351,0.1704651073958497,0.6997434450892489,0.6325108702511406,0.6711477476331009,0.7668626903141855,0.0828164950274652,0.4802265937331577,0.337465275785945,5
0.6532456540608633,0.1505096876954549,0.4419687082782553,0.4474013625241472,0.8544084872029072,0.9139607159516616,0.339713771584982,0.0325202000627971,0.5821615717530774,0.1701928034895587,0.5460152927524444,0.1268260272756469,0.12681156564074,0.9682495747522688,0.936061164603388,0.7172792724649915,0.3618192008182839,0.1503735036423082,0.8910135728663612,0.8292860144654199,2
0.1702789704455197,0.4557625105307676,0.1001318990600896,0.8964031931404146,0.4293983300543379,0.7610784582379144,0.4724718165636248,0.2181691461615848,0.5984856185616867,0.252305914765524,0.8524257601120413,0.6847756367935068,0.859879424942776,0.8392247996560755,0.4919581455168625,0.8489632836821807,0.2307436241532082,0.4118977638618933,0.1757758873515748,0.6474557043938719,0
0.4256204928428642,0.8498517662236353,0.7802909973177393,0.5648758749081565,0.395638600820512,0.2648288732104185,0.180724015010848,0.84483301045848,0.6199254434798864,0.5946127609583539,0.0927891955293186,0.8770693713183116,0.7617722400663273,0.1037276413317401,0.1190187888733413,0.1391613476032737,0.3557663257330067,0.7409836067005526,0.5643434616896069,0.4287532640560096,1
0.4630063833607685,0.2607909095887403,0.854065114497723,0.3957965882229556,0.53106837895807,0.6041802329595473,0.4029791303681936,0.7013117049915881,0.1064862182475932,0.8441386744952905,0.6985519027324455,0.0921256348601214,0.1198971666412866,0.7741980624186342,0.5861877534549361,0.6392027178115365,0.9156589041498824,0.0567595190928539,0.4215142996640897,0.1406955637035074,3
0.5435265455638474,0.0734728830142746,0.3567219917322715,0.4079519820931388,0.820950208286297,0.8291007364210754,0.3118437797906541,0.2488569115791467,0.6547410696387468,0.049394264684386,0.5666061737585897,0.1459948928565529,0.1275849316038397,0.95695612499022,0.8292339745254313,0.7544520675186523,0.3832707521706323,0.1594669203360179,0.7661240097372704,0.7543623323003863,2
0.084092192708956,0.4198919508344215,0.091179275438062,0.891342220986638,0.3089370539595795,0.7938406990510583,0.373009471337353,0.3408340048755404,0.6163603450251368,0.2721669189564586,0.846967268750078,0.7066966419482981,0.8115983994432697,0.8664532574544801,0.5091882745608132,0.8446405476236378,0.0623115497491281,0.1623838497501452,0.163980864138226,0.6885432526643821,0
0.4490079282793697,0.8986875185532273,0.7294793366272259,0.7038841642192422,0.346089257618125,0.1924899650190243,0.162878644907508,0.6837520688441093,0.5959096180775707,0.6852836264436653,0.1897687095384223,0.9428538066228566,0.758128837669745,0.0630080937724808,0.127693869491712,0.060577103805416,0.368361467547671,0.7993446081806023,0.5803486468000212,0.4004142487023601,1
0.4585648916386743,0.1878881412958856,0.7971094435739462,0.3795159725890362,0.4883971122688135,0.6714983540609618,0.2559659770696366,0.6125346748832152,0.146076313824659,0.8872077842312895,0.7287547783922067,0.155695535725856,0.0414964635269861,0.6937208340157067,0.6796578011057777,0.6939824843082523,0.818910121725269,0.2417717435480469,0.470194830503358,0.2215884206740908,3
0.3744129439190909,0.8287975458422362,0.7764482735234658,0.5804305008112691,0.1619702437542106,0.1500227096186034,0.1331247678545581,0.7336750089466845,0.5252778037837316,0.6542207342245958,0.1097535303125258,0.8330996140271276,0.8023612588895666,0.1673703448644466,0.0477378868474182,0.1091207371421039,0.308783452152998,0.7451673470808856,0.6428954923669248,0.5142875187808079,1
0.0531735911903521,0.5043343152046217,0.0651799216563073,0.8870330884393923,0.5699417826064396,0.6441784670958655,0.3638512454530124,0.253838586006737,0.6118239611858105,0.1709979218440173,0.8874669175425469,0.7235809894145421,0.7821551903702711,0.858636130719872,0.5544527797970982,0.857350364493172,0.1904955115515813,0.4279531632120203,0.223562098803222,0.5539322390490538,0
0.8768371762417841,0.5521010417190383,0.4077925237609298,0.0967906298455887,0.3193057898790773,0.3985382941096625,0.8070710073727896,0.4140735863754048,0.8919682834480406,0.4760636037499085,0.1750152319279424,0.6478502306806135,0.740248586906399,0.5193765074038896,0.7572702196302409,0.4596642025402029,0.5799748702826453,0.6060827842307247,0.2146557249959931,0.2823782324452646,4
0.904458129061897,0.5753203851519386,0.3907532699557011,0.1633194058301689,0.4203820128529388,0.4323651485293415,0.8427577022190865,0.2679693858997328,0.8756610086030305,0.5262291356690387,0.2082114011334209,0.6695749045035083,0.7257900676579604,0.4692449914437693,0.6017752571825619,0.3357228135559879,0.5910029210198926,0.767216708568014,0.2112420341685751,0.2837030315986111,4
0.5535047926794451,0.1487993728580007,0.3603297537189851,0.4417464178021489,0.7225079729386678,0.9250446569838358,0.4321407845214386,0.2206539840943992,0.6627823512124563,0.0806521383861213,0.6236852372975713,0.1840156755161741,0.1979614967770268,0.871043513121647,0.7226181097893974,0.7263480897251993,0.3203255116567001,0.1269635065787565,0.8653141573815641,0.7495273493229727,2
0.4306744662907244,0.2735258521205611,0.7864743028998853,0.4482210173415737,0.2779880885118526,0.5577801031798892,0.3248740207671813,0.6294444757824722,0.0939202629880321,0.9018721407283729,0.6792508228270377,0.1043964160884792,0.1288339984937055,0.7276602485599887,0.5574541025081461,0.7101451841447942,0.8652392795942974,0.1383566970272079,0.5147173882829716,0.282181425472615,5
0.6411176310882166,0.1987352514376522,0.3658098585524208,0.4009633101958014,0.7617850480267898,0.8006016366781145,0.2899075774703889,0.1203690593251793,0.603118172486653,0.0574141139173489,0.5902705544494247,0.1346127253520964,0.1676895521130911,0.8477790756445764,1.0,0.8219450534959277,0.2856733270381578,0.217859060046463,0.8293239597826034,0.6972531052454005,2
0.4891892781921441,0.8646335179355356,0.7921116627794417,0.6608197222111779,0.3403450057531687,0.2261276767487582,0.2053051152751089,0.6670028005817369,0.6873638916577889,0.6000526718654237,0.1219711778102207,0.840417313808573,0.7740726983693476,0.1361943260382811,0.1355161268478804,0.1670524956198745,0.4329036502190386,0.8483929520101808,0.5878661180940252,0.6240531654746782,1
0.8885994500713043,0.5710950363296585,0.3680942155699165,0.0646433525214353,0.6211745122835428,0.3474798160588013,0.8994860602151454,0.4899586751973518,0.853178989893286,0.4063609039675795,0.1943608478848255,0.6485559935549013,0.7128259631303441,0.5523341622307706,0.5626159002917773,0.5096656843166837,0.6186033557736511,0.7036775249280423,0.0254985221076877,0.3392527409287171,4
0.5768201582401024,0.11617499075399,0.3378966041526806,0.416875067899974,0.8577619401471722,0.8967637486475702,0.2995581132352096,0.2404910279296018,0.6481911124337312,0.1665514267638503,0.5815556199461088,0.1253798434525804,0.1741062023382706,0.8118576737300557,0.8433148977011684,0.7891488413182844,0.3870281589263266,0.1786323157147756,0.8672554485772572,0.7157416782591152,2
0.5048720812772386,0.2391815767027563,0.922225012707505,0.3793457816475383,0.3592249506283236,0.5845197617562072,0.2937227008938073,0.7249449762701936,0.2024582892202018,0.9839384594293203,0.7272088746849854,0.1249776936384824,0.137733191793914,0.7245051945834067,0.6617502607500402,0.6150671482017179,0.9593119022398436,0.2219615354741754,0.4461410603800536,0.1748985600581122,5
0.7729947858219633,0.6232703274254657,0.4428701227505965,0.1657931142128291,0.5082012482153645,0.3797501012770957,0.931823037824088,0.5307917315271471,0.9199732093642622,0.4631397841032864,0.1398871321003164,0.64282200778556,0.728235796896328,0.5129618593333856,0.7395020236751071,0.4446527598258753,0.6839019348321886,0.5456497392563024,0.2198306810644089,0.1703702624183606,4
0.594347418806267,0.1570094132293315,0.3377452396588558,0.4614166138484212,0.9854373432928508,0.8684417239443329,0.3290354447513092,0.2226999670181625,0.4923646517973153,0.1536850951954846,0.5870030386300207,0.1558575507660024,0.1357825881828905,0.8541753524590104,0.8388770131159736,0.8099702976783065,0.3351068356696965,0.3480701751553218,0.8827362852466192,0.6817020901155789,2
0.4009749022204107,0.8833382662706848,0.7989181831411616,0.5551620728001088,0.3227040412248346,0.2258985799687668,0.1600075794901481,0.7537870619315984,0.5406617931859551,0.6682969669311408,0.1341790032627221,0.8673858196679564,0.8235669732196101,0.1013048656028054,0.1485711533867951,0.0932116123075539,0.3458022970550229,0.8018233226225836,0.6124343529514831,0.5025732203115721,1
0.4331931260727661,0.3043368288143929,0.8580857073163022,0.3459926508580612,0.5214342295041485,0.5257330986134059,0.2191322869040487,0.5828675982892693,0.1214973727723865,0.9154222572582464,0.7134891059251766,0.1427462027221527,0.0578089728716349,0.7654011281618994,0.5753435138249131,0.6867865481931427,0.8191998189317565,0.2265145478516091,0.520626189364127,0.2338365568018863,3
0.5977822248030901,0.2054367292054939,0.3910599687635868,0.4734974559417566,0.7732385900548753,0.9250804935612192,0.3102111344995948,0.3395033940790255,0.6062494353451592,0.1535080984873532,0.6398540659442825,0.1236960997892107,0.169411859371194,0.9412590568670184,0.8505092911475772,0.6964592539891277,0.4645950375457124,0.1633822263909532,0.8676253863639374,0.8893511334771673,2
0.0670909579918214,0.4706055365565582,0.1230539613702238,0.9039577266291984,0.4058641959820465,0.7761465510908693,0.4280373082817924,0.2511358576285256,0.6230479326411011,0.2325933243125943,0.8835795007714266,0.686527869399595,0.911100476557483,0.8065587749017513,0.572842759276548,0.8657123584027034,0.0838488301743987,0.3874632496681034,0.2005980390968005,0.6421675547730252,0
0.3872510099646385,0.2486283773829706,0.943639002829398,0.3392187633194061,0.4704728143268156,0.608590062969419,0.1761842281530028,0.5906382853054927,0.122900769385089,0.8331255813185424,0.6831041657623758,0.1465961434154509,0.1389829137610563,0.7159351492926533,0.6623852834668785,0.6304605765350163,0.7760393563469966,0.3002306190648946,0.4994956549739189,0.1300759421817434,5
0.6495762178317035,0.1458672666884806,0.3074313196896708,0.4064826719620995,0.8157772877520226,0.8612914141883372,0.3723798463915567,0.2996443024090927,0.575311996317128,0.1015968992534669,0.541610673559979,0.1710247407128114,0.2216083821931435,0.8591564837938157,0.8453375255502625,0.8296509363508914,0.378868796279656,0.2292846757558775,0.8037693848014962,0.838383752404416,2
0.1601028041505224,0.4988150923593317,0.0960076626816608,0.9115600980111715,0.5625135641587279,0.7925254653530105,0.4408550254643483,0.2395556684547291,0.6106555403286084,0.1710842325411526,0.8602127528245431,0.7506592711581207,0.8985206461179398,0.8347120543669581,0.4450213090072737,0.8608107498147284,0.095253809661917,0.3619314023692845,0.173330929154839,0.5083228955905207,0
0.8210071804194339,0.5839401239815907,0.3727811794079941,0.1427015516650922,0.6338987604629753,0.381020280713383,0.9347703644967772,0.4903033018019281,0.886737778355637,0.4528339718011781,0.1630762502926051,0.6169423174473945,0.6990761636701204,0.5160631018572776,0.6914853692208436,0.4861084859730213,0.5170689999978377,0.7778899757115392,0.1714162778764144,0.1331860251234738,4
0.9096270129246622,0.5629319628183244,0.3871104984592626,0.1341267911417039,0.347404269878195,0.3302382524889639,0.7555374939885061,0.3590027614883086,0.912361053883576,0.4774324819749498,0.1650562929773354,0.636044964086842,0.6784518923241772,0.4803776246811584,0.8113875895331444,0.5404724218944134,0.5822047859283389,0.688441282476507,0.1452817345092991,0.1637968284548771,4
0.8946556430802921,0.559684508325253,0.3625694733761516,0.1323608376547496,0.6023373792481588,0.3322428678984524,0.9252061236923068,0.3399013991138576,0.865742169072632,0.4610551704696639,0.2367501458792911,0.6480424692329018,0.7939471503341777,0.4083321692847273,0.6810100828899031,0.4582872669277367,0.6063976188180789,0.6137385802005374,0.2792010751519317,0.2372641658947396,4
0.4091060299615169,0.9565059621893988,0.783683643705193,0.5847570551783555,0.2125175698426095,0.229928509487688,0.1423649568339208,0.6945675518706467,0.5910048121510502,0.6056752941353009,0.1137544345458796,0.9444048583412724,0.7871385729643201,0.1069879059483999,0.107749194894659,0.0695390350248159,0.3980736137973375,0.8077568539522528,0.5949933643821235,0.7969095991318288,1
0.8417007657200265,0.6045593683521255,0.3913003304161576,0.2187169053155865,0.5328056877988586,0.4714940870305809,0.9013085868897746,0.3945643243088267,0.8330911481483171,0.404796598729653,0.1503946301070882,0.5964490714219259,0.7372768774901479,0.4480079063786398,0.6814691894667227,0.5095072074930818,0.5676105655780511,0.8176652709256914,0.1383209964937485,0.2162975292153381,4
0.1649610339338293,0.4817798986580521,0.0922083579354453,0.872230945332742,0.5638814939544806,0.7210728614647791,0.3270538603669002,0.1754748357400574,0.5228519997358079,0.2153388373829827,0.8962143547175344,0.6888979667314401,0.8628478406403697,0.8878593551543648,0.4797541935513693,0.9605822658617502,0.0940475207771687,0.3425086635977358,0.199442437255283,0.5984358072933613,0
0.405414605789415,0.9064903715705628,0.751532644544085,0.6272715634992077,0.4204110442371714,0.1356830070536732,0.1206045031070356,0.8673586611742484,0.6999072007203254,0.648778832624746,0.1479660865847985,0.9352802918918628,0.746661145468694,0.0934863186482653,0.1837386643465626,0.2312721218016327,0.3788597876495043,0.7541072766508318,0.7066505673627259,0.4965033549794779,1
0.608878836831298,0.146429991762022,0.3710609745916188,0.3617286289295562,0.8079814668840046,0.8569940163257775,0.2409706523989887,0.2978411960402187,0.5704611265778966,0.1272004936903295,0.6333568932451313,0.1791166796113825,0.1639559539590554,0.8577362260812664,0.9033872441076484,0.7923537164363622,0.3235436292785255,0.1397065601489807,0.7539968428851546,0.7970456787828454,2
0.0948119517940804,0.5116433726182008,0.04965446987486,0.8825184758286181,0.4531878852694961,0.6821563742401258,0.4828869108071056,0.1909893241728744,0.6307524590641802,0.2335533007375914,0.9014544931174516,0.7234311213325838,0.8369025666648421,0.7125129423276798,0.5290513469016472,0.8721330866288098,0.1602030202795175,0.3276678040537488,0.1935782350655639,0.7605792554207886,0
0.5941294476341746,0.16998807538561,0.3168616535283236,0.3603460616015163,0.8629457235832505,0.8238046061627631,0.2771951413842536,0.173798466621009,0.6382327209389692,0.0981670237506711,0.5748864040867594,0.1384614514037525,0.0942269614222531,0.7999784578243673,0.8729601318465722,0.719429048801166,0.4089235273875287,0.2672022999979728,0.8949973068209159,0.9342586035565122,2
0.5144955091966907,0.2157461318571227,0.3056910980676514,0.3784908449046028,0.8230970625233721,0.7846780450039168,0.247153416407474,0.0577211133000895,0.6347667574810151,0.1024729034805629,0.7006621422543762,0.091891642841186,0.1296278587844753,0.8467290556112347,0.8660244595161093,0.7343705013329088,0.3857291371162724,0.1263817290203336,0.7856829479254692,0.6350396684236795,2
0.3804158261402091,0.9532468267855366,0.8000428417373686,0.6176263394061586,0.2636776387644547,0.1598920083627486,0.1291486975778052,0.8258093450545492,0.6199685156428456,0.6468375471247371,0.0721536420197254,0.9350916993252149,0.8034102750526949,0.089151073392145,0.1678399067825404,0.1226477824806068,0.3137066827736528,0.7643325366451557,0.5118835502286176,0.5679305376932985,1
0.3736491632860172,0.8644824038818694,0.7845698797234297,0.6097603693758241,0.1702289503255179,0.1274799625641828,0.1697005202504577,0.7214866810903706,0.5833055646385786,0.6487160746066903,0.1004584325098493,0.9387657259359647,0.6751877316176451,0.1734190663709207,0.1811508421474875,0.0451944498720542,0.334259803358277,0.7888279700175198,0.5334499153070954,0.4719976329942912,1
0.1398733169503478,0.4220587482461885,0.138103990881356,0.8647406063255033,0.414238153225157,0.7677204372505998,0.4881990066877269,0.221720373665216,0.4832220846863047,0.352744196091418,0.9399041137014492,0.7251386623101139,0.8319909773233695,0.8102870442322843,0.4881204775412008,0.9281912196874702,0.1452244653923692,0.2841180588392521,0.1908555417429184,0.6851103409507168,0
0.6288036869253152,0.1841829103830636,0.3296259319806012,0.3783421091992789,0.7480080374479317,0.8813796196759488,0.3773242752223273,0.1972108105880481,0.6474997023113358,0.1287640707303156,0.5793078482148271,0.122873770797159,0.1976601119506518,0.8928490663252878,0.9619056230791546,0.716211528850463,0.3794745479921082,0.1628150789907989,0.8157463325800555,0.7870589827531764,2
0.920823677306718,0.5450937807701612,0.35986757284221,0.1388468240511225,0.654940358785577,0.4002161618262171,0.934640848284582,0.3809203679958529,0.8613026934208062,0.4763749698883543,0.1812039318672625,0.6778662831815496,0.753594521687806,0.5113523859413928,0.5591795135945672,0.4542393566331844,0.5693804494319835,0.6848010725641539,0.1555880576222606,0.1084742863210655,4
0.6785255961562731,0.2275960987218444,0.3463490107089461,0.4636193394136136,0.7016393388715094,0.8004746946208966,0.199987462459463,0.3535195268538494,0.5610974275127392,0.1153710773811934,0.5520838216392862,0.1666122651689166,0.1492816160018169,0.8050481977276308,0.8749127428761795,0.6863837095777725,0.3099603763323793,0.0463862151014003,0.7840846310705575,0.7965954968440476,2
0.8156397118045056,0.5942469547528461,0.3227222429741986,0.1805967431614375,0.3958885707928068,0.3347743584546228,0.9016116426532274,0.4954552240372183,0.8794268601638646,0.4879641502399579,0.1891034538364659,0.6315845237277488,0.7244286464932257,0.4690575731666809,0.5966779461426136,0.4140719143970207,0.5958356481108215,0.6515669920609758,0.1888974463711396,0.2015834309884724,4
0.7856391510311203,0.6089826229337032,0.4477623057589003,0.1113220652719404,0.5973343196977938,0.218013242972838,0.8177808163612132,0.509487289710587,0.8649581725889944,0.3872890514850134,0.1572415693398837,0.5918856523275774,0.7171946891268394,0.4557513162225757,0.6823250626411226,0.4461148107368551,0.6485152357891071,0.6993616566814216,0.2171254114119459,0.3200372051694441,4
0.120967720783162,0.4358288161088512,0.0540034083715484,0.9550386328817252,0.4902962817576655,0.6223703895958017,0.4813866463441184,0.3020360526173926,0.5697883551341945,0.2982950184426698,0.8826204305680946,0.625321796265321,0.87556865305957,0.8287954072302414,0.4847001819561424,0.898405195837416,0.0424398612981558,0.4085086107875239,0.1684984567059432,0.5085046367665234,0
0.8312406757955711,0.5579857152974922,0.4894317768439857,0.1493372772145829,0.5762983822373753,0.3582954754355945,0.9008413481931848,0.5118394672468636,0.8625938950878292,0.4019226817038822,0.2255271546768296,0.6550277885811864,0.725180262219578,0.4983759175701643,0.6582065997095229,0.4552810881737098,0.5700313710080943,0.6325354395218014,0.2562389460567633,0.1048933688942884,4
0.3083477758879031,0.3172333551651951,0.786094508486765,0.3843806624649097,0.4445925103143147,0.5825169316724156,0.2660814737199105,0.67319165540635,0.0176609810013806,0.867869862470387,0.6233851926752093,0.1937119573997116,0.094315754448927,0.6252818774763772,0.5779248429293529,0.6516673535917862,0.8970666806505389,0.1756814346865746,0.5486395197620173,0.3398546971471371,3
0.8746298593968281,0.5904657403777372,0.3085234930244018,0.1430879299992244,0.5611802670178122,0.3243158997276997,0.8833960602468863,0.4265142363689819,0.9088318053131916,0.3992946726212875,0.1787467565681831,0.7056073200342357,0.7758026960457474,0.5248946043282496,0.6993648189530168,0.5328390442599855,0.6792465508022002,0.6684924454825784,0.1435371297895192,0.2042413895532589,4
0.3678072621145176,0.9076001258884148,0.854214501284363,0.682267650128983,0.3895119028399684,0.1987230714184051,0.1760592564622913,0.6319091987529023,0.6021297310242846,0.6194684679177999,0.1959411851464628,0.8645728893592577,0.7824857273631275,0.1476308176339907,0.1257535060648824,0.2283985592015866,0.3199260338797359,0.8260900795805247,0.56503229381084,0.4249809128700745,1
0.4319123036970597,0.3261724669620724,0.8131365689364793,0.4278657482078188,0.2834344439282619,0.5794754390894217,0.318188778194194,0.6151766040716621,0.0622249497549633,0.8714394708259806,0.6876873970032726,0.1888545459678663,0.0877090224074725,0.700372991741551,0.5151118317740673,0.6873467955765595,0.827855529761029,0.0742074254101529,0.5353108840953158,0.3367039500786206,5
0.4198714304485976,0.8545470712399513,0.8356354022938124,0.5682265425020239,0.1504698281708701,0.12763924057422,0.1504363823381061,0.6800728129137825,0.6708807597484477,0.6349414401837612,0.1227957149945657,0.842251595486485,0.7027681558066989,0.1335670484713302,0.0344143896802674,0.1484990180579366,0.2818310301898378,0.9485701066275288,0.6505232531576209,0.5453101962116335,1
0.7124507964391923,0.1644624335407681,0.3596179244253745,0.453701993831376,0.8261082064702282,0.8733054326579499,0.4543625925569106,0.2018454652847759,0.5866161199270749,0.1304308354937798,0.6248543840712126,0.0688149198550526,0.0864238801240502,0.845691956906672,0.781952883122488,0.7314885805768956,0.3828113859789592,0.1289406407270093,0.7860534202379053,0.7986861398726472,2
0.8231999606621005,0.6270765279178088,0.4060145230527835,0.1470279205826277,0.6305829675038284,0.328762102061335,0.9972267371540938,0.3744236898125858,0.9627801799826836,0.424160974912186,0.2099982992945473,0.6016051715610848,0.7632958164343675,0.4528322155376777,0.6887923589849739,0.4139472818587423,0.6242863729538831,0.6262147257578969,0.2816636749406721,0.1429599679695098,4
0.1271214442892794,0.5165674534961747,0.1317787059947092,0.9547959646480711,0.3494551136901152,0.7733923146754877,0.4179785174124617,0.2865678623745469,0.4958967836102598,0.2421945461155528,0.7956508655569969,0.6842462625388849,0.8789658369155378,0.7928465921365354,0.4682707938964483,0.9079856174715246,0.1228975012363031,0.3034890916292792,0.2142626877518403,0.8163129866008059,0
0.4090717394785699,0.3158670508971795,0.8953981397258093,0.3747624506125274,0.3584856018467038,0.6119944391216253,0.2696929356839238,0.6539765174083889,0.2133842057323036,0.8333265640005078,0.7887687078683041,0.1627142120437504,0.046363449275216,0.7246866553139973,0.6613040516833898,0.6651864735187052,0.7512245798357704,0.1455224269317792,0.4837082961205139,0.277759433101077,5
0.3721611838439215,0.9159823983336616,0.8126165340657012,0.601238587275737,0.3037909465778328,0.0,0.2328726090318516,0.6206277733878773,0.5988450825386885,0.5994872593570642,0.0580664209319499,0.9228055253737788,0.7599854372566388,0.137517787633572,0.1185404902574586,0.1670831830058949,0.3601518000828361,0.7211843547470349,0.6486564498011859,0.4914988768986646,1
0.1959945190580555,0.4598745765251704,0.1196409374446445,0.8998145460758681,0.339555541894107,0.7201115253938684,0.5196511467235579,0.2660759258094918,0.5594844477086227,0.2294248930173703,0.8837625992104358,0.7288952019338953,0.8862474366692755,0.8024126892668068,0.5300799096520522,0.8967589952628741,0.0728225084340682,0.3516322819041314,0.1071993475534636,0.6369830170380978,0
0.3802960459129372,0.8570936814788309,0.8368515653293447,0.6125853875103001,0.1300559144429124,0.1384898161059024,0.1822981422017831,0.8565918702764288,0.6400373113487106,0.6160397274122199,0.2144265557577464,0.8798397888932218,0.8263567133057427,0.1115561311040612,0.1482642606980279,0.1863210347696859,0.4184874635258838,0.8923937474801509,0.6479677092950225,0.5145024947616498,1
0.352593110085907,0.8833370749312285,0.8252812308260699,0.6068799415424119,0.3314003300757626,0.2396070793273714,0.1278290774765897,0.6999992993218898,0.6049672732634157,0.6590613521018314,0.086681784750627,0.9322573713262496,0.7960733727908457,0.1199979159820033,0.0543930615301516,0.0810522968211679,0.3696684204451536,0.6603381342901757,0.6558532556340416,0.52511235139588,1
0.5279774708471405,0.0948446604973114,0.3584988531635094,0.505689294093468,0.7850151851884989,0.8388440020262837,0.2506070185885797,0.2922322956965359,0.6480367267739805,0.1602707249830458,0.5583317138719333,0.1053858604609605,0.1148279805615555,0.8805107935131982,0.8027332135855224,0.6997137118261475,0.3292910670024342,0.1614646337801436,0.8298872934756373,0.8264152495791987,2
0.1301978159104296,0.482890037178885,0.110542734318827,0.8460463726275113,0.5153686188015726,0.739205028235305,0.5661469307484536,0.1469979540394666,0.5967737886040952,0.1854099333672344,0.8825603360766705,0.7358823507400689,0.7806806980041161,0.8094998806549174,0.4833392200021184,0.834138652147195,0.1484111236766794,0.4218391130346173,0.2090592101189214,0.6059283457227955,0
0.3700520968303865,0.2304536654660293,0.8902631238436686,0.4069658837992115,0.6754522344868458,0.544106958978873,0.3390559286713044,0.6862284803340669,0.0960837637110832,0.9000645835965803,0.7408058113199371,0.1615217215657134,0.1280104223055766,0.7029226934918389,0.5767130472368077,0.7148162361202148,0.8219559312644081,0.1618407332208714,0.5471890786044846,0.2709111296349631,3
0.3532659450283047,0.8750597859453929,0.7782683162298516,0.6725906633500995,0.4793152745999094,0.1292714057473657,0.1503135574950627,0.8419797259487406,0.6488481536991739,0.7211791772118769,0.1346186171082824,0.8523677222953536,0.8027220249748909,0.1741348014844332,0.1607827108606331,0.1648157131294051,0.4079296569323763,0.9060367572844436,0.6745842232837833,0.5948174544766525,1
0.3676486081463593,0.8791628645238236,0.8367007680580656,0.5825061132963535,0.2645748872431343,0.1378731329752049,0.1703311410105145,0.8581355754840531,0.6198394194318887,0.6509714870240948,0.0543785694225017,0.9081678171621176,0.8041205173832208,0.2307753948076429,0.1127147947571646,0.1589579158319453,0.365169443878511,0.9225926668857072,0.6035069178298625,0.5555941836469593,1
0.3429445798882493,0.8740441048070111,0.8378427630117434,0.597319763773249,0.0561649544813316,0.1963470914625217,0.139383572467198,0.6698245663866934,0.5841505096906381,0.6399626687423656,0.0854245790377152,0.7718187389127527,0.8109625484072658,0.1879792061689576,0.1545838334693167,0.0909350944361113,0.3444309968093426,0.8185134014231703,0.6349737623769579,0.5943816920793438,1
0.619930332394985,0.1222920736023616,0.4413673550848901,0.5040895662336515,0.7936893786117873,0.8210868197430834,0.3179198098270054,0.27506329594571,0.6604947132637979,0.148108059450913,0.58831795662636,0.2048409347013135,0.155243747411951,0.9237584554077002,0.8407568528554705,0.7761141388810374,0.3486671972041832,0.1905058545887573,0.8432932282011364,0.8965902669885243,2
0.4552852431245289,0.3015346120066961,0.8959258149598927,0.4246227084843602,0.4284820189203946,0.5798027706597507,0.2154636715849585,0.6409878027062619,0.1177547738757505,0.8431971212223534,0.7202046156620237,0.1471904679374643,0.1378811166223654,0.6511278381524888,0.6061216031994285,0.6862950522769661,0.8220058912040015,0.1531441945393165,0.4458343606606696,0.2703356531290387,5
0.4169501223683313,0.8732511776124771,0.7232464256453227,0.5956598500263225,0.1693787181268654,0.156223624084559,0.1979737119913097,0.7969198402537157,0.5316845481140865,0.6922375596352756,0.118938267063433,0.9335810631010236,0.7940127445544156,0.1711391089272542,0.1482441816951308,0.2160730909371851,0.3789359703098208,0.8027124572949708,0.7174575723287001,0.6132810453081893,1
0.7459404071149882,0.603895576890462,0.4403055691905878,0.1558584940427607,0.4671156738571456,0.3296132733806424,0.8438912081290446,0.3789089698488174,0.8196531826499417,0.4563360520945398,0.1310492733999346,0.6270034710190685,0.6728479823555846,0.4856075980746355,0.6448624635290663,0.4628354319553465,0.6338680887692992,0.7862654216416639,0.0678287878304597,0.1678520382548937,4
0.4088603950886079,0.816421460885175,0.8131613380990907,0.6368541872766765,0.0678764669259651,0.1221624752049753,0.2462788361369236,0.6809130333763854,0.5918202632162477,0.6644147613206585,0.1398352368361548,0.86299325394477,0.7547040914040374,0.19213190477788,0.2085486749520803,0.1937830547275842,0.3573272721029685,0.7505744870912575,0.56451974436713,0.5821142157773286,1
0.1369161172327278,0.490180961483805,0.1706551342027895,0.8297078424374065,0.3922373057658532,0.7375948669951771,0.4728410595751875,0.2343266820978232,0.5862629557755795,0.2013411503627998,0.9399006359400478,0.7410180237102247,0.8062873291310719,0.7655973810445892,0.4623689419548843,0.9006211206601324,0.0598849487437246,0.315586008046454,0.2361032724183744,0.5915076079986864,0
0.7634283857288863,0.5579639897546989,0.4078300499495801,0.1940064989346824,0.5241487605450411,0.3335346797575201,0.9143164631408428,0.3407631940294851,0.877338610812522,0.4153197390063838,0.1915893765345779,0.6289498532539879,0.6876131805756889,0.4849606465059261,0.6784803999488422,0.5105814761720452,0.4944823948558439,0.6642953497020162,0.1577131240673184,0.2951857059673957,4
0.3897897968452914,0.8853585796738397,0.8358405500620157,0.6218185264898467,0.2653843837403715,0.1353309912322145,0.187638507686695,0.7345147134498836,0.6417892013150244,0.6341386013337729,0.1221914574529477,0.8706085301207538,0.8175387489590974,0.1164479217823163,0.0425831946844667,0.2085425043961437,0.3017057068630794,0.7647716936947975,0.5720802278106062,0.6550296854636943,1
0.1471696083227787,0.46338178204231,0.1443755696527718,0.8906481683343525,0.3908761905592482,0.7918104107114495,0.4358131421985025,0.2896341312028102,0.5510227577607509,0.3029179941657705,0.8455989664858318,0.6606607525058397,0.9231420615938188,0.7945502498753398,0.5876624180498358,0.9097092452631832,0.1244871360448373,0.2056627807993607,0.2173128224635913,0.592569151575425,0
0.124705094048443,0.5183667393320299,0.0845046289227405,0.9333803962799596,0.4244687325075577,0.7024074710450708,0.4550075475871514,0.1954446362393183,0.5397435283511469,0.1694765747010417,0.860643126730657,0.6725425289539809,0.8440393641870286,0.8408917109179479,0.5402482081421417,0.8801833676705286,0.1818388001419334,0.3831004554587427,0.1990057737114694,0.5537222231678355,0
0.1443348961706335,0.5111143142704617,0.0950838729116496,0.9071925650145372,0.10786357222894,0.6904532626032992,0.4895674847771883,0.205734162095514,0.5398666659959015,0.1945279106754666,0.9139475249238328,0.7164145558879802,0.8926442362207403,0.7268042732211086,0.5069747784789268,0.8566210169715925,0.1195357571837255,0.2952794849847535,0.199691037793058,0.6675347966411842,0
0.2208625277613418,0.5185012092591528,0.1101551765531669,0.8798993110595728,0.5262678589512616,0.8259245855788565,0.4936567470128905,0.4005179707737187,0.522361091861817,0.1996923296356247,0.8274249296016642,0.7163992728590107,0.8696161337987752,0.8108564540784772,0.5536514849132577,0.9238255909262504,0.0527518871900268,0.2978797484028136,0.2572941103629937,0.5556744598022564,0
0.4254424662626444,0.2203612280542379,0.8369996416091887,0.4326494892241679,0.382891581922309,0.5237596002358376,0.1997508031158076,0.6935998694299668,0.1429347545231286,0.8438741669582737,0.7134194897766706,0.2329924371601721,0.0800272476896141,0.6389033117393034,0.6363837411656319,0.6753189119427444,0.7997373219486134,0.2089528012496079,0.5713984679714654,0.0573575910107912,5
0.8180157859997784,0.5548980393349745,0.3419920760107769,0.1665750869352957,0.5337239174855558,0.3341518272899629,0.8215958054910266,0.4078365317302489,0.7505973742800155,0.4535303648726335,0.1901839453296734,0.6476529890395694,0.659393558008152,0.4885436788748451,0.6204712195631522,0.4096333165977531,0.6090440317629544,0.818907618513852,0.1960870265100441,0.1543812940323527,4
0.3349147217373109,0.3544418148368302,0.7989797446285889,0.453878405743342,0.4646131334982841,0.5656638568957887,0.2723286827470673,0.7093135582198835,0.0874140748250653,0.8352132655459167,0.7400094502084552,0.0835687334586345,0.0980611587878648,0.8956412219122769,0.569696696777444,0.7353017708059812,0.8062747191058052,0.2023882572808131,0.5640091814882118,0.3332920360396076,3
0.1059041026942722,0.4836612513793175,0.1219464418367219,0.9669556695866623,0.5187207008228362,0.6430612333610838,0.3807546305799739,0.2786506990920572,0.5587890693504378,0.2187444349519381,0.9131930823709664,0.701432017055096,0.8643580667329894,0.8591985465150404,0.4970301727484795,0.943600985045538,0.0854611182915,0.3839933194841542,0.2887260004154954,0.475500919040413,0
0.6575106184736658,0.1140248316508756,0.3508785311122025,0.4177112703136471,0.8668485671762258,0.7368422696181599,0.2809972996177,0.1990967902493974,0.6365036733902462,0.219246368846651,0.5749158456013348,0.0691457130618802,0.1831612404398765,0.9428800402399796,0.8594002923520252,0.7166658946134,0.4020238478470523,0.2488168023384283,0.8038141270109302,0.8182971191690018,2
0.1920548164334165,0.4951502900461002,0.1197418326823314,0.9769058470441296,0.3962694995115786,0.7885767262270583,0.4512947041213241,0.1526793909486276,0.6453695623060253,0.2723998542513779,0.8684499794824042,0.723120515005726,0.8474893160443797,0.8588371920941555,0.3999819797231198,0.8175988767259342,0.178799202211522,0.3257751206579068,0.2263714058959402,0.4745587231540044,0
0.334081647905059,0.8211036713348979,0.7908246079091428,0.618583579520397,0.1630299892417319,0.1658433877690933,0.1446014419840162,0.7373662205267751,0.6873351951321707,0.7066088689125533,0.058797922962045,0.908540635285394,0.8082425380226318,0.0608819628429178,0.1611235416845675,0.2208335079558722,0.2955861838047519,0.7505800315100474,0.6539475401965315,0.5528753417379197,1
0.2747199660083787,0.2736005004739368,0.8857016339857499,0.3754797508727323,0.3649938830068544,0.5325807456643179,0.3030034315610495,0.8113376931899797,0.1952674059541301,0.814589608360005,0.749516019744962,0.1304370276262723,0.096804433304331,0.7147867943808442,0.6488302868474359,0.7290730644582628,0.827734659673667,0.1507249366526622,0.5566233792297378,0.2899197697347305,5
0.836471577927062,0.5649760411274346,0.4738383981164567,0.1909649934012606,0.4158519886206037,0.3150233357717177,0.9282700543486576,0.4547612722836995,0.8727154813763729,0.4179637527061959,0.1644056290047803,0.6118388715580956,0.7312787197133683,0.5587805044965034,0.6427220255481589,0.40104657722541,0.5707918373309553,0.7419395607149768,0.1210341959627042,0.3514167629312097,4
0.3134997972209559,0.8267292462741802,0.8405533293571058,0.5896561836460888,0.1337414339878377,0.1909796822413109,0.2335802398169656,0.8163403434708943,0.6563692491279401,0.6194575707985177,0.0499224067578174,0.9391053928767412,0.7629847078699699,0.101930285521789,0.1846352519483745,0.1704984001370723,0.3739662868353392,0.9663216880361932,0.5699364080944174,0.6080063519070568,1
0.8235273648398824,0.5924668979545312,0.3424458925046909,0.1237315011766161,0.6641338214995312,0.369699178029109,0.8903570740065884,0.4285606776354881,0.8578886269874365,0.5362114031311602,0.1529319107435923,0.6427986800841538,0.7236078388393388,0.5243694045735293,0.7265593509004702,0.4460134892899297,0.5937498213433176,0.6934183160516569,0.077004679289685,0.0960164154687648,4
0.6056114160733539,0.2095233568044899,0.406986834706791,0.3469028814977155,0.8573510177702839,0.8368165366314463,0.3230025386724925,0.1635330138464723,0.6813268828032057,0.1663492044025304,0.5539002209609069,0.0727342057758057,0.1493488100411895,0.8950978858173148,0.8680786553942655,0.8170953185526904,0.3893104663376499,0.2659120515830226,0.8750024217273598,0.6677436065781204,2
0.6542220166230049,0.1544704376683581,0.425804392795946,0.3769287985766024,0.8053267907004211,0.7944521767439868,0.3217933601120647,0.1054222302008218,0.5819618916790786,0.0691483432663727,0.6106141512844646,0.1713989035132251,0.0973475957624335,0.9406940171547172,0.9741454552058276,0.7582131971231668,0.3217612461711141,0.4022508712191567,0.787361548358158,0.781466828660149,2
0.1146692902543301,0.4168778648137535,0.0634834358226106,0.8249677069414669,0.4196088600967256,0.8014143646943812,0.438906602879784,0.2582791786955567,0.626203621696243,0.2192568374664451,0.955183275742694,0.7848785184861958,0.8561172430588018,0.7863457218275925,0.5443395511940905,0.8543420268128028,0.071771468989968,0.4354599442682613,0.2766288590437585,0.5997528241897716,0
0.135623411036399,0.5017233494216825,0.1858133065460276,0.9076584035218592,0.4012084550641296,0.6076080769533482,0.4468572488710725,0.2348825752423856,0.5909257973670435,0.2051984539743239,0.8580992868924926,0.6297018200992571,0.7716915791547093,0.7645662532531277,0.4410597397859988,0.8831350908158181,0.0992906863727648,0.29332051783942,0.1672971411417805,0.3206234280496763,0
0.3935161518959543,0.3125363515570585,0.7968250376071861,0.4180571516146804,0.5941729507624286,0.682498154949703,0.282058279118198,0.7012222899900613,0.0272037613872621,0.9511174236549056,0.6911688970308388,0.1163132325796239,0.1075690909519387,0.8194221947532719,0.715638046806686,0.6834044302363875,0.8861749741402524,0.1688530953601129,0.4767113694630574,0.3720305134199019,3
0.2259627850178168,0.4103166417122196,0.061269237760979,0.9781974546810978,0.4244955146834679,0.7003637794170028,0.3795466347187464,0.2654908899692549,0.5890113146065882,0.1950263349186216,0.8713346032239361,0.6755835895452628,0.8710913383913076,0.762798208048558,0.5746618216959344,0.9093987040059358,0.1129418581820071,0.3188397895070052,0.214103083769925,0.5293070481396732,0
0.312781868149932,0.2720983882254998,0.8454672625003308,0.3692593458996033,0.4839286572357121,0.5532013912654177,0.3346351009899396,0.7513614067569405,0.1841353667611638,0.8509757533583604,0.6746252014874692,0.1664286368323493,0.112171585885364,0.7087579670971463,0.5587103761752342,0.6745868358944139,0.8113878713532893,0.2197709272722404,0.5646583525169974,0.3335944021388415,3
0.8189671016602105,0.6225205534301281,0.3880349123363006,0.0832196955472752,0.5102030651281358,0.3199639300048602,0.9389016659170109,0.3816001188859039,0.858145850507676,0.5189492540671521,0.2084476706671618,0.7092269471549119,0.7690475182953805,0.4310744940409169,0.7214759919409428,0.5245272851109022,0.6539164763582995,0.7468833554995025,0.242138825165662,0.2016941628380204,4
0.791998946913733,0.4638430051013109,0.4455447058824188,0.1329572560168533,0.6822720361203063,0.3874823272672757,0.8680792581491191,0.3995718411796909,0.9037112895835292,0.4993962364180628,0.2029143376761015,0.6841570327044946,0.7067849251024437,0.4205278974017894,0.6710714805834683,0.4574498455320616,0.5142933338636857,0.5719723952221015,0.2185602696590849,0.1971844798974708,4
0.3308887640604797,0.2875105697704085,0.8398384554469938,0.3415191706882299,0.4326923047181539,0.6376283938453003,0.2418334839524621,0.7833822114396926,0.152132434266695,0.8520548376940764,0.7612553167954577,0.1839542754967729,0.0830150018195413,0.8335742687461793,0.6277125114444972,0.6818469849681364,0.7890359710436857,0.2516949345100596,0.5520327833838242,0.2970369588711515,3
0.6342536899441364,0.1801808868667377,0.3031984427381651,0.3365956645195286,0.7355478656097917,0.8110325922184928,0.3627759408850319,0.1683085762504345,0.5655261734382196,0.0995673599971832,0.627767190948082,0.1332199953438353,0.159092214002375,0.8673559788678353,0.914290493884557,0.7230640924754069,0.4201161523923917,0.2073827420575429,0.8511879889279038,1.0,2
0.7705550103602857,0.6081399644527319,0.280631716786432,0.102043195473176,0.4564999339940092,0.328122220947101,0.7880633359925036,0.4390828711823217,0.8153420184903114,0.5062431691991316,0.163723863584063,0.6285447419534764,0.71698882795941,0.4919310164714994,0.6789760416572284,0.4283856268141971,0.5970996720016699,0.7071751201117589,0.1546552216505463,0.2643030555489977,4
0.336757455173392,0.8368053264162152,0.7477638775808055,0.5689315994140768,0.4273144976989214,0.2302804520158874,0.2733441272183329,0.6666032547567425,0.6160230334514856,0.5948178289774465,0.0806002940153816,0.8268010725407506,0.8267152148431115,0.1038638351915528,0.1752577995157988,0.1737822135565937,0.4715693524299194,0.7046953307801398,0.6696976751392533,0.628365378710287,1
0.4104315113473779,0.9227352024662534,0.7700951495532742,0.6010836478115791,0.228569429865287,0.1943678646955158,0.0966126286438392,0.5846307191218288,0.5891330817620234,0.6003423921927662,0.0899877724964659,0.8620849071131427,0.7619380869988692,0.1933387805150047,0.141011240883316,0.1604994856617563,0.3827817397158798,0.7301782886891521,0.6560918478516689,0.5291546098784818,1
0.4160182053370078,0.8740692006739235,0.8815614031825763,0.5794880715087715,0.1565596316070521,0.1146707591659962,0.057699541821074,0.718663234664771,0.5747931304632391,0.6525606786881516,0.1244913429320525,0.9579178569025484,0.8156180611567051,0.0916957021051437,0.0838261085755627,0.1734979073676323,0.285311020169141,0.9409132611531724,0.6584688025845629,0.5002020006399163,1
0.3248911429723737,0.8553898414950104,0.7507314412747254,0.6154306401324425,0.2345336349152547,0.1889329308979182,0.1691395685706314,0.7924777439972249,0.6122034823096949,0.5722409353658502,0.0726583525111216,0.8655579105148197,0.7305417296060367,0.1486572500575549,0.1982914288922153,0.2081645825393566,0.3385365855994858,0.9247992948750948,0.612452574764493,0.5022535461670459,1
0.0791899609406495,0.4374747389130826,0.1431886659320152,0.9559647811224424,0.2898714076010153,0.7013631905733803,0.4619660476150948,0.2220297598495419,0.4484470095741859,0.2546454446655254,0.9357948763747403,0.6989791421528829,0.822862728688887,0.7945025568748278,0.5921384739139348,0.9157497264760888,0.1660653131046296,0.3667464381405292,0.1818717302127437,0.5774522038892544,0
0.3818913939636179,0.3126190791778001,0.8508320889997245,0.4366390303224196,0.5488921661829638,0.5667553103306735,0.33374997186466,0.6373775590166385,0.1996061397914141,0.8872149940233589,0.7109341454213683,0.1211760531250229,0.1154478520844168,0.7261855538860593,0.5588221870697133,0.6728082827732808,0.7942238465948401,0.2077694594350354,0.6009523473228464,0.1429073641266872,3
0.4474111677684612,0.2013878360680829,0.8695411341399905,0.4131075050317513,0.3965193467067696,0.4559440666565204,0.2598828969134199,0.6035415124580445,0.096565941372663,0.8554105026994502,0.7101924864081006,0.1590749578877865,0.0842740265136415,0.7291307025358872,0.5318508784177408,0.696533141516927,0.6861537880194769,0.1409479886500487,0.5744229739606522,0.1516370055206329,5
0.4252258725268998,0.3106150029624274,0.8273063888610616,0.4187579659247205,0.4046475664603169,0.5009184748590645,0.2086350298848277,0.6047431256117698,0.1563890082671556,0.911308368999548,0.6575808019782147,0.174665711164367,0.075897419478848,0.7641832792961051,0.5867543227104668,0.6260946988705219,0.880498056025745,0.1209074027137446,0.5167964778354491,0.0625592723045943,5
0.1953714442267577,0.4185641557758555,0.1425212834956158,0.872907082248342,0.5834717294194222,0.6718513076520479,0.5034176654657188,0.2491552492518869,0.5706881862563583,0.1548978149927938,0.7880038125738716,0.6804109550351632,0.8715365009697279,0.7677243244385408,0.4666569063363307,0.8933469760653321,0.1582377259595011,0.3309788699764068,0.2563675631189684,0.502943390954151,0
0.3997559350650518,0.3040978441839047,0.9365693884681776,0.4164449720202386,0.3814628460061273,0.585301099010387,0.3573657575016714,0.7624808071966878,0.1770208121540052,0.9005035795763177,0.7425666380898575,0.2149274582326384,0.1026129829923997,0.6672217861026497,0.6211516301031301,0.6396214513518252,0.7813067412027249,0.1152463965020692,0.6562082710015948,0.2534165925981567,5
0.0333795559807876,0.5215293154058385,0.1004241542020248,0.9055531013697072,0.4316414320197675,0.6580993843944734,0.3794898195322351,0.1593154203610353,0.5257831580183466,0.2537323832407651,0.8394818197367121,0.7724246260992441,0.9018260642671412,0.8603305033524246,0.5097199507363841,0.9413598886638802,0.1164589657431127,0.338980868988873,0.2182089491170276,0.6484494936137495,0
0.4579087215000196,0.884144630768852,0.7411505210997492,0.6198005911617398,0.2807718692552864,0.1578068415595443,0.1976720549499053,0.6851182328128542,0.6192299876574839,0.5925664248771431,0.1098141428382321,0.8277509672844807,0.7513765861725974,0.183126423108887,0.1742886557651944,0.1716994307311553,0.2969110961450131,0.7911546883570872,0.6640770004732448,0.5499690266237347,1
0.4210006030831586,0.8772944016483782,0.707212076018707,0.610191634999028,0.255726032443699,0.1701383030261389,0.0731720842227558,0.6886248475952952,0.6048099618452859,0.668849546623688,0.0188524477005189,0.8630571817942313,0.7838927031128411,0.1677692896879875,0.1558441072798931,0.1765424936624464,0.3100309400300107,0.6716797889180326,0.5843954982828503,0.6254267689452376,1
0.8063152536585985,0.6159656373967276,0.3353452668821978,0.1350745873569488,0.5401156883142871,0.2502193620222549,0.8591151860679439,0.4301147676053389,0.892833263536269,0.4532748160436474,0.2175197923235802,0.6297382205899912,0.7210149330248226,0.4892235175929029,0.7184037790493901,0.4159086638824895,0.5529641648195303,0.6244938880000349,0.1795445635332986,0.3518860475366552,4
0.8287860670255733,0.5237399576001223,0.4562826086924545,0.1368243140203711,0.5358323976110714,0.303623043614637,0.8559957946228959,0.4765157825481638,0.918850867318704,0.4929006415324818,0.2210825604545518,0.6623276161924054,0.724155476519844,0.4669048671223315,0.7333826051661049,0.4285335932812659,0.5952267033183701,0.6213530420426846,0.1609248062426322,0.2087154198007589,4
0.4034556788701074,0.8726786569677117,0.7624651915680092,0.6282280632876702,0.335374135856238,0.1061668314620221,0.1792796229208844,0.697549459069417,0.6664974048442481,0.585373214449366,0.0884072009943172,0.8873590337661492,0.8387129992557594,0.1193526306088396,0.09833682127547,0.2330216989844239,0.2715366448825977,0.651592199509416,0.6229302697162037,0.4920910273012848,1
0.5513280241480892,0.1612595803135398,0.3734930993434864,0.3729195942664752,0.7533905346478801,0.8580181802390345,0.2595673205873738,0.2496010404871128,0.566632609628518,0.1714127409450771,0.6768134261143534,0.0977874767583866,0.1883498406905538,0.8355755760922573,0.907550697350186,0.6998307457933672,0.37012486057048,0.1359319650242547,0.8484749416832372,0.7028432389164992,2
0.6049324796092007,0.1711025721707077,0.4089761539813112,0.4068298803824354,0.8523834291103741,0.9403775331674444,0.3428881266252363,0.2509786872993745,0.5359524221463967,0.0234799314980112,0.5980128386076689,0.1341006412393542,0.1453073963533469,0.8878306510324157,0.8539640101686343,0.8142406709330664,0.3591248568614092,0.1424400774451588,0.9114315888880336,0.7650622808163644,2
0.1753809021042378,0.4873741508048801,0.1119104184363144,0.8640830280590993,0.4539243114666197,0.7537906345522146,0.4538490399673027,0.356469921530343,0.581003188210843,0.2676047577065174,0.8797863147857655,0.7228966934425578,0.8303358527203487,0.7930954186689795,0.5303158318624362,0.8800603541392641,0.1546328677534238,0.4249501873321459,0.1439567933186977,0.5146926343879307,0
0.4338714276694665,0.2953494098227682,0.8554475004563042,0.3932155531652263,0.4356920199839204,0.5318999131251139,0.2167092147570614,0.7364487958638299,0.0417059540909824,0.9334441268274772,0.6964599499267133,0.1230352445252267,0.147605259141741,0.8174821941638518,0.6628539984858137,0.7019109344746707,0.8900214610218353,0.0323249956677989,0.5030357342992592,0.1589688157088225,5
0.8083787922050454,0.5547866618798808,0.4236569696109753,0.0787188625500636,0.3990907975650963,0.3604225423204805,0.8868155900865459,0.4228749093815795,0.8910740779676988,0.4643996073538554,0.217657324648101,0.6366466934179021,0.6409747886332697,0.3877279185873367,0.7656835558376447,0.4522755720014976,0.627668031601965,0.6472436588857339,0.1901388931930307,0.191371660486938,4
0.1170408054746778,0.4568850080689161,0.1499160277995558,0.97959668256281,0.5516913167492408,0.6605380518229628,0.3403818022132399,0.413054790557093,0.6683596064091278,0.2362363163348819,0.8197335681450835,0.7289806867847166,0.8580502218396593,0.8145485258745733,0.548914679860902,0.8831099034924049,0.0681583926930802,0.3136206668335679,0.2498487823138753,0.6331561014279705,0
0.1309555749709798,0.5084791893868336,0.1441461198283923,0.8987975208957967,0.4793783051676799,0.7114499146094894,0.3686800730044812,0.125043434599878,0.5533480130977687,0.2283071574245361,0.9070300600450738,0.7256950657490897,0.8844311408992093,0.8035802260167969,0.4535606179209993,0.8907853024304392,0.1553026138270711,0.1647828169675467,0.1705075303033802,0.5291513589709648,0
0.4116250198950199,0.852997033869962,0.7980120197850209,0.6105996276540183,0.239397664218727,0.1903439149849621,0.1333444394082654,0.918838363808862,0.5680653543039219,0.596963844943714,0.1606805904377161,0.9087174001565722,0.8014491050533903,0.150869769336248,0.1244619272925685,0.1018487341763149,0.3512377437528288,0.7604750078917012,0.6554636772785676,0.5226099503067253,1
0.6861957654138493,0.1614037616500545,0.2306088139146875,0.4185104014823203,0.7737729980648305,0.8421565204085898,0.3030051426345296,0.2826738298322225,0.6607834851380069,0.1364308508849115,0.571322020355867,0.1360879135642327,0.1671220624654415,0.8308006061504782,0.8860361861428163,0.7801331091470027,0.4305244252263531,0.2849679351076142,0.8266971692483474,0.8510574490796626,2
0.301735562517542,0.8433344848959909,0.7455348975123508,0.6541187666987072,0.1325389580553244,0.201899695550144,0.2409665655677096,0.8139476069087213,0.6216698583370704,0.6116597743183766,0.0756244361639591,0.926633928979754,0.8059190844540216,0.1213146447652045,0.105333088261409,0.0432129349197576,0.2981528009119285,0.9513038859613216,0.535636442102109,0.5580157395573349,1
0.3832695661269837,0.7682001230573217,0.7674677349055136,0.5765348297286739,0.2539360420524396,0.3216230568114509,0.1933918668495139,0.7322167306592515,0.6558839781861543,0.6711020519252194,0.1277554693235176,0.9000730326414205,0.85873924647523,0.0620478129520317,0.1475713331901811,0.0966565929245203,0.3799724179209394,0.7514657790140147,0.5857405417113851,0.5021666472444303,1
0.8182107641074938,0.4992800895216195,0.3964937915677232,0.0788303079061599,0.519644052560469,0.4623318616318734,0.8636396628054553,0.4232368693837526,0.9165827701600836,0.4722349777100475,0.2049259378253594,0.6157484152076663,0.7127059839461259,0.4271270786986959,0.7131121172520104,0.3632807875826707,0.626687081980792,0.5745197929997057,0.2417155431795567,0.2015634979134689,4
0.5326685961244205,0.9670974121286876,0.7710972403898216,0.6180939722227171,0.3250459208515974,0.2539302270745207,0.0913367994348011,0.6205479733171666,0.5859545955414546,0.6701706160063411,0.1317021708635754,0.92192726981732,0.7303540696665438,0.0,0.1622833915422864,0.1044206331621507,0.2468189725673958,0.8210185934239201,0.641549741480495,0.5208144116379226,1
0.28601736347611,0.3123106875511353,0.9019423153685,0.4129879069546834,0.3116857075760878,0.5385384986960263,0.198393125947941,0.5100963893171044,0.1309360535411357,0.8346300680850873,0.8210223721729004,0.1584086161515251,0.1680196046623862,0.6543032179541934,0.5888522703675665,0.6854900607269214,0.7827898066338728,0.1314174622414206,0.5167437892610155,0.2240139162345806,5
0.5356652616450283,0.2184801112521868,0.3321172025992228,0.4397831391832317,0.6807926603331347,0.8882316497204676,0.3591089295271977,0.2510512307887678,0.5569809263175547,0.135933649153138,0.5320970310773926,0.1246892184981695,0.2064998655812505,0.9165115775732025,0.8552467460440778,0.7095221260990933,0.3834042451133998,0.1972551546043112,0.743269830782969,0.8486906927486979,2
0.8841175984095574,0.6222078904039597,0.3662148264679951,0.1146672268690208,0.4624444910333845,0.3225434602283169,0.8374096275398398,0.3477287603717597,0.8949741788974387,0.4681182070865487,0.209702886512256,0.6474336568082161,0.749993235392732,0.5202681557490763,0.5971992098649015,0.4040228111661326,0.5665506187472065,0.6753281719327933,0.1602442974681856,0.2991371360414608,4
0.8124221918410874,0.6149821655289069,0.4092565627441896,0.1044718834365487,0.4927813041603171,0.3423034352157658,0.7995737280740944,0.4703139940137548,0.8543456951297324,0.3503945003434126,0.1882436192001377,0.5993247624567206,0.7867137009424613,0.4485145603619492,0.6251837730220596,0.4735167956265367,0.5448527291992735,0.6180283754047318,0.2211559782169156,0.1395291652371292,4
0.768204727609345,0.6084428801871062,0.3977082134304618,0.2263309592348085,0.6220860328521217,0.3159457677637007,0.8525991767445199,0.5283468128819687,0.8059607430576828,0.4696700622505375,0.1847634049120124,0.6162139942202386,0.7297608317311318,0.4884064504753349,0.6948481932412984,0.4532546804174132,0.5981932635076688,0.6787206256714373,0.1614743014605056,0.2315764359747014,4
0.6708288619279718,0.1618514196707084,0.3851532081381099,0.4675605692000534,0.7396116525840108,0.8809227397754035,0.3154801760500278,0.2076963262503242,0.5688913951235985,0.1927626940739372,0.5685020700717539,0.1673908960891482,0.0928332573013074,0.9384473152462752,0.9019647569757115,0.7639651009624575,0.342661216197643,0.2263859817376845,0.9672327325305068,0.6434203617393209,2
0.1454588825739927,0.4200637421792788,0.145557808373392,0.8760312829306547,0.3954500951719779,0.7273284025022728,0.4460015994258697,0.2277088488176556,0.528805508396916,0.2237007046066972,0.8719200985521803,0.6252357274691558,0.8424267893351393,0.8362291369140166,0.4522052017068629,0.9298460383602974,0.1954518320529211,0.240903644308953,0.2833438926235028,0.5738985066948148,0
0.0593264403100153,0.4707564622125318,0.176268688793592,0.9046671768234316,0.5771362372271978,0.7862468580310337,0.4893817094992261,0.2408131076189842,0.5649069614833208,0.2655570631234554,0.8604564149916945,0.6072163022400245,0.8854567187192265,0.7579199666975586,0.4662138939442814,0.8687987519923698,0.1225746800586634,0.2363769510694735,0.226057500068289,0.6679090822576362,0
0.1429630072020218,0.4558347896909343,0.1835172377389501,0.8324234267229491,0.3602141463233042,0.7959264448006932,0.4557937191651297,0.2998500983343931,0.6530214623638976,0.2088810761407831,0.8713230338461895,0.674969176431577,0.7880766771900483,0.8005319960440435,0.5508309691854621,0.8932572366518399,0.1562784328958725,0.3112692379920053,0.1825369294867758,0.6888605701920877,0
0.3446065361196723,0.8790092639546208,0.740732975063317,0.7139950910872824,0.116998217570478,0.1691794305231054,0.2080671892552718,0.7938337108159129,0.602168982999786,0.6437646372357649,0.1079873097169348,0.8632261588148371,0.8127667075089803,0.2304808729815055,0.0994396536295187,0.0787197669522922,0.3415746524254797,0.9988425906022824,0.5624701969222838,0.671983464486967,1
0.3474369816411581,0.8571804793045217,0.7051098069325664,0.5808599195876778,0.3195069409411349,0.2468765795065355,0.107258339780048,0.7147469801110314,0.6100132782869133,0.6625708672294324,0.0792054791658141,0.8874522360970278,0.7571548162395741,0.1227344482670621,0.1470871199405236,0.1471614709124671,0.3371451518785236,0.8047913092283439,0.5970816943732427,0.5044326166712814,1
0.341667679636993,0.3089384337359792,0.8228597537013556,0.3787712420287592,0.1793186229880424,0.6034806964450447,0.2236122583394411,0.7466780750231973,0.1486912599126859,0.9142524122783384,0.6709897228114471,0.2073901364647139,0.201209005118706,0.7757639360454258,0.6533144680189319,0.6892487371382463,0.8108200190244071,0.2195027298312474,0.456635160644129,0.2088468609213227,5
0.543133484677816,0.143257969844153,0.3682996031790074,0.3264975400061698,0.7172946431873775,0.8043254407996864,0.285229892445202,0.2437713377811821,0.5955289775564279,0.103325488560664,0.6030742226985051,0.2123507307165402,0.2322458183115632,0.7799761324967944,0.88399423959307,0.7502813986912918,0.3573906470448815,0.1695147295092015,0.8615254715410747,0.7955951792453323,2
0.071127237812974,0.4799115060998483,0.1472501300667637,0.890291580111714,0.4588534673941947,0.6572502221277342,0.3940927956038773,0.2532952945141659,0.5892343288673303,0.1614882039596631,0.8947895385908679,0.6690189596415609,0.852428760465474,0.7481603059589631,0.4760778306100681,0.918408540923042,0.129186011869915,0.3111737087694722,0.2109352534508189,0.6315756713819917,0
0.6139962293270337,0.0712263005918232,0.3418950889610487,0.3097665977510671,0.939378524300142,0.7894329447159885,0.3944611770914647,0.2924377130123287,0.5629723881610298,0.0780212315065873,0.5987526688049525,0.0951189075090296,0.1686453415559085,0.8527081382989734,0.7690463491963634,0.6485856957126708,0.3655448829700091,0.1495838587299324,0.8335194152989136,0.8460742142316451,2
0.6437294369912082,0.1200057485561333,0.3894373719839478,0.3909941122923581,0.7963392630680712,0.8592796441829013,0.284063275623235,0.2447488194094422,0.6734592161024718,0.0929314896229534,0.6293307020898835,0.2081951852324322,0.1305326129045651,0.7985136737146385,0.873073150117491,0.7260300660300304,0.4464053641193404,0.2062002306109804,0.8139205036024292,0.6833428053467603,2
0.3834043980133202,0.2369756538793336,0.925857717826146,0.3530231241006005,0.5005581927582985,0.6089869936273015,0.2130715707359664,0.6702682432498472,0.0869584421311467,0.9232528158662664,0.6716970524706148,0.1314815677351506,0.0699129244908565,0.6691492849925962,0.6862615689147664,0.704363601800241,0.8461449298600499,0.1196892947793164,0.5750569073393973,0.1750952431402725,3
0.9458006914509824,0.6040533799115008,0.4431661446807199,0.1929153912443879,0.4522186908466954,0.4128980227847393,0.8675202690382294,0.3752202641283355,0.8638171603537265,0.4410725205544281,0.2233397118272114,0.6467249868225866,0.7013613249915143,0.5097069852813549,0.6607298954294454,0.4345558321303048,0.5833357956042232,0.7002251266518861,0.2143551804490334,0.2030263688273738,4
0.4070643331448024,0.2638154904828048,0.9191664399656369,0.4050920211794651,0.4204869073013084,0.5738350537255446,0.1666805804066606,0.6467767428730348,0.1597863038736793,0.8840273011839237,0.7769821555621311,0.1507987299712194,0.138044208855773,0.7778060831584532,0.7263677043192988,0.6859978295831286,0.7781501980369753,0.2294584471009979,0.6195395607890002,0.2216079128586839,5
0.9214758476657542,0.6046520015280045,0.448925250580813,0.1491546960791655,0.5955916515664906,0.2956414015939962,0.860788212975885,0.5129883328637774,0.9436801626900052,0.4167700872035989,0.1979967769172745,0.6172367248141375,0.6974684895335871,0.4918477231929517,0.7321730618253568,0.4723974317416146,0.5624127723869019,0.7052995823081809,0.1777249809786236,0.2583778044522681,4
0.3445045400097257,0.8449320410728787,0.7616033229527358,0.639466226561381,0.283883222113108,0.1306122508928373,0.1718794453201962,0.9271749533717832,0.6948870884683525,0.6680807957594872,0.1096142456275171,0.8738613957032124,0.8025173541949638,0.0706040969797839,0.1137589794777003,0.0633426330647558,0.3728751122062191,0.8619594257547027,0.5822597374242495,0.6711795419927771,1
0.5664660423323216,0.1642573846963499,0.3018560080009391,0.3930253346891603,0.8099176559283625,0.8634434015730275,0.2602141719270194,0.3179717004413299,0.576581385660164,0.0584708681145617,0.5795102038605745,0.142222089132427,0.1743377386956357,0.9436459932828324,0.8467164715951743,0.7525952199515943,0.2942096402605738,0.2609045106489487,0.8694705963291108,0.7455226619942171,2
0.8074701510707107,0.613982636140676,0.3452226933304294,0.180603774495677,0.5578780009270444,0.2996461187655549,0.9226983017618094,0.3632742109983471,0.909678067456592,0.4534468943314926,0.1220478897925417,0.5865140395275457,0.7045521119083535,0.5472383406251228,0.716008938525939,0.5291453688685482,0.6627892330224852,0.6389313893073479,0.1864935452302032,0.1973054900905825,4
0.5925540501571243,0.0659968281306127,0.3428522557270673,0.3907810731510299,0.8526080282409957,0.8100658611393442,0.4158608775158582,0.0792849994959592,0.6640126802195645,0.1157639746316364,0.6179873473647787,0.1414070144846216,0.2100339250077809,0.851841609685753,0.8075346713123759,0.8306652230384304,0.3477893042715107,0.2175351906364289,0.9183834494990024,0.7013978278186229,2
0.3218813656070265,0.3293834111977038,0.8777409024142071,0.3934869731220972,0.5079751425579796,0.6025835375506615,0.2996096111293331,0.703539610261547,0.1652058108538129,0.921823161401816,0.7484318575693711,0.1554306437390504,0.0725960934348267,0.8256606040582591,0.6057666246478184,0.6542802952124256,0.7458413219921467,0.1857820161567492,0.5400842256431435,0.1144757029116182,3
0.394007132356302,0.306409619223044,0.8414154151965046,0.4052637504682357,0.4219076321020358,0.6249846998731048,0.2737625871229128,0.6663051006590408,0.1998624185021024,0.8951241054452668,0.6842905807276118,0.1613932984730945,0.1171857913628675,0.7435642321903293,0.7330115120454378,0.6945330002635028,0.7255738181641368,0.1209768054166052,0.4314712500954312,0.2170856877052951,5
0.5403032659764228,0.2090918730510374,0.3692921253753194,0.4409233237429187,0.7908603562117077,0.8040248977176153,0.3663712151624827,0.2695043388386151,0.6478071882542981,0.1277811749624504,0.5560517209747551,0.0629233138347703,0.1969715873396846,0.8972729242655187,0.8094900415367737,0.7311280179252337,0.3302906952762051,0.0975887107000036,0.8169753290729169,0.6944461018699852,2
0.1244869586343897,0.4867030294957655,0.1210390204672146,0.8645143722846761,0.3763868208628999,0.650366207160785,0.4312635505503884,0.3098255120680985,0.564332880079294,0.2688139359006256,0.9300121700831762,0.6641629605650385,0.8536206394670469,0.9279670724274316,0.5803421904556376,0.7898181966926366,0.1483661486604306,0.3384343816921946,0.2539765328835702,0.5292833223751914,0
0.2208627343974387,0.4840298540474224,0.1089671379363374,0.9452569518078596,0.5624819856053133,0.6907789978305106,0.4077578273621996,0.2437042644597854,0.6015800081910714,0.2651752473328793,0.8132481930364458,0.7776462533005453,0.8387464580422244,0.804657686640765,0.4730033105561941,1.0,0.143378558576766,0.2839265147054846,0.2586130261771127,0.6567814014392642,0
0.37066159694534,0.8185396801050745,0.7535677478407249,0.5615883018517392,0.4172780258903495,0.1583469176368454,0.1356292494260943,0.7828215999289008,0.6090623319446269,0.6432024739692526,0.1330409232026869,0.9061308527148656,0.7573229658618948,0.0866578340607797,0.1097681350676035,0.0329892960191423,0.2717271432383291,0.9194385447717498,0.6856268173649217,0.5119096760702556,1
0.1257985117436398,0.4523905878346484,0.1307919485578123,0.8690707653000224,0.4378199881535189,0.6960645873244746,0.4249904193946142,0.2400342892789981,0.5594766120685997,0.2636266719733567,0.8715649292193494,0.6783929211135254,0.857490603911544,0.7846051973752368,0.4964278490129263,0.965644573358195,0.082408465435767,0.3163333581958086,0.1915627941806683,0.5808211392940125,0
0.9617081731967956,0.5785450702441559,0.4506682673921263,0.1782843889358823,0.3847328714273,0.3642013620416642,0.8999076009669077,0.4369554584458543,0.8408386461995042,0.4188568777020648,0.1724927131070333,0.6300781634024335,0.7678918259665308,0.5662859560509056,0.741118842393762,0.4905063561500176,0.523345915958048,0.6457767326095845,0.2051931389002923,0.1730781669021866,4
0.1795032907045292,0.4162132892511198,0.1619258732011677,0.8667562270264556,0.4741619749445455,0.6847105320418012,0.4530206541590842,0.3041524116838125,0.5048772705403389,0.2066640191429954,0.8815118641956696,0.8001197028703955,0.832247618112107,0.9220070765518976,0.6056167117756555,0.8625385898922843,0.1185343560509691,0.2872348603756794,0.2134384984136601,0.4717655003810641,0
0.1417285198355982,0.4791215279192785,0.1156734520197605,0.9238967564842154,0.3471725790764502,0.7929867643303223,0.4292131759924222,0.1306085456179399,0.5681349334461526,0.1980410227352816,0.9006777936000231,0.7947168096559637,0.8311293665517437,0.8354213548354362,0.4327822332722986,0.8897898233438691,0.082119157245063,0.2956394111076806,0.156656284193414,0.6439595766086887,0
0.0932195134943619,0.4450640500279955,0.0991311754082981,0.8824049475317871,0.4490279861385012,0.7148218395275787,0.4026552030635705,0.0596919187933458,0.5139687197827258,0.2128002821787101,0.8640322955600449,0.6418211967706072,0.8418627560773446,0.7635011276046065,0.5057886474842738,0.8179952609145432,0.0885702381332765,0.2457040086108449,0.2059080850897878,0.5172993079111783,0
0.6257936585475992,0.1545444514927203,0.447074176773055,0.3396356945021289,0.8186734077274261,0.8507518924807013,0.3695430974299938,0.1635196133494985,0.5263923819588794,0.1274859934391504,0.5944590622648019,0.2035129332036503,0.1151192014197621,0.9346197081390444,0.969008495397212,0.7383076705832082,0.2867848468866442,0.1680671628764373,0.8549538841248949,0.831380311027923,2
0.6011670468611987,0.2485371086080497,0.3647642067766684,0.3894405289155578,0.7466156121253698,0.9387605732493072,0.2871122109930578,0.2842155387445341,0.5758499968987929,0.1011554502622534,0.6224039719979991,0.1180771694178609,0.1493435846599948,0.9280245062355088,0.9321088983530744,0.7923691467354443,0.3206664000118983,0.1661887230611974,0.8585642825401791,0.8125763763951396,2
0.4751941366732772,0.2979863492674483,0.7861416780572943,0.3409363438735161,0.4746489865720212,0.5313411573322135,0.1090770312495531,0.7624521209237928,0.1668029295351543,0.8890791831970315,0.6910035495587731,0.1821532894480385,0.0913849136804206,0.7446059630302994,0.5704254698917517,0.7535755365171124,0.7543778499733581,0.2530652958014683,0.5356756430710725,0.2092654738480497,5
0.6563380972275354,0.2093684828561867,0.3534926565239421,0.3844539390498468,0.9179818122905624,0.7864674059010125,0.3479926840292537,0.1091202224553408,0.6515895359784449,0.1151120378051209,0.6309494498273868,0.1591894555364976,0.1203429363557871,0.9483675959414012,0.935223836508032,0.7999353001855177,0.3162230170509245,0.17015213883555,0.8629728277396951,0.7341730328660678,2
0.4667463446326385,0.298787933409825,0.8895586136904583,0.4083121417641044,0.4208076765023647,0.585201806769603,0.2211981972658304,0.6528716389539774,0.0186217304955313,0.8852403161992113,0.7100333453982934,0.1502357559596821,0.1282867817507729,0.6574108082486914,0.7051196849514851,0.674150635260367,0.8309117942344112,0.0919485775536478,0.5350247140575077,0.3609814371632238,5
0.8581402104147594,0.6728165508890399,0.4028517825089865,0.0747865621573354,0.4589316528206008,0.3545424865428574,0.9567304784916548,0.3901406027177153,0.9115376326868204,0.4064171122253081,0.1307305270125155,0.6161927407876766,0.7765961878747526,0.4784068488941086,0.6846498680428699,0.4641671830138332,0.6346570347554286,0.6352609712907442,0.2285547789165963,0.1574863233770476,4
0.3810217035649552,0.2638043993948197,0.8379428667962642,0.4221968162325513,0.3152592279542408,0.6242294361464381,0.2940302493715705,0.7091954994737362,0.1399197419597883,0.9294863997797276,0.7481065972148125,0.130909455391439,0.0929394563525295,0.6926757932350213,0.6427768872599053,0.6300902960702176,0.8968534462015256,0.2545661224526053,0.485229659010724,0.2280145022085609,5
0.0523313006974716,0.5793418982842835,0.0883229208480055,0.8947389203998862,0.2542345086202866,0.7372180567468619,0.3822785784355564,0.2352262215167391,0.5380725411600751,0.1908928299752635,0.8411595232764711,0.7018256445938187,0.8096630104292571,0.7797154191310338,0.5434416708097868,0.9937038364184144,0.1546608363172174,0.2719003677832701,0.1949696924667786,0.593681144162779,0
0.3561963820048025,0.8096524844710402,0.7601852274621447,0.6338915545763701,0.1387168461299745,0.1081718628144952,0.1925837621901722,0.7564460835842948,0.613928123420869,0.6157372116714932,0.1019558328510282,0.8285528638792327,0.8139473877690109,0.1698870561392137,0.0433329178156388,0.0999910002146466,0.2731021198261543,0.763432315935652,0.5974545790030606,0.4120954863098828,1
0.3448400468563172,0.8622376040709226,0.7632530617589177,0.5801322912966682,0.0957498775272933,0.1518760671801518,0.0909556719416239,0.8217110943570773,0.6193472945899476,0.5912245092581123,0.0948488715619599,0.8338585161592581,0.7870847652732923,0.1851562111982971,0.0359104412126325,0.1522688512904687,0.3417432233484336,0.8606676749452876,0.6182350809926684,0.4709176939237318,1
0.4192689239595852,0.8488855842198602,0.7967067324917169,0.6309556146781954,0.1652661445407106,0.2131654176216133,0.1668948276188552,0.7016774822666176,0.6376877568137818,0.612747985715215,0.1112031196566069,0.8724794615481273,0.8189260463013155,0.1458146076808588,0.1181326712650976,0.1835977652012539,0.4244416846774034,0.8531431284480383,0.6044771682169309,0.4293809337772518,1
0.5459261263371057,0.2279327164681845,0.3574206634818577,0.420909903290225,0.8845390832190468,0.8184822941743989,0.369520504001305,0.0228032787772043,0.5738827307384555,0.0843306323620328,0.5310575596651463,0.1269642488562093,0.1805596358886455,0.9128543029196452,0.865525931434829,0.7285382989500636,0.3730045817848051,0.2014145965011775,0.9047593910147596,0.8479905094335813,2
0.9630603178963206,0.6202391444139512,0.3136840486986835,0.1194653764856069,0.5036892488921662,0.3680653555886796,0.834774714870239,0.4144125466841107,0.8683844661495194,0.4289409242176815,0.1529280320681185,0.6776154705572999,0.6545716751293161,0.5030951381235049,0.709756672871813,0.4399894136500024,0.5816307344808397,0.7584949179910521,0.1574984579344841,0.1750526102976652,4
0.3306852821924046,0.8748249639859427,0.7812751942501854,0.5685603884885533,0.2704862459003048,0.1852590039310693,0.2279709711765899,0.8422257958827034,0.5464408546361662,0.6086095693398549,0.1285065167194889,0.8938506096063785,0.7988059391843704,0.3159680145514282,0.149810462163109,0.2015766744959778,0.4030242179294701,0.8645973013492163,0.5896737162783581,0.5910763790423091,1
0.888523662827836,0.6157713121133183,0.3848548395934452,0.154813309927352,0.643896774217304,0.3413401777813135,0.8580157428542985,0.510454193780607,0.8428458329544238,0.4854067238190148,0.1880124391614993,0.5480335158571216,0.7646465887283237,0.3334836915724006,0.587116233502151,0.4766881044805123,0.6052742268679734,0.6312858435585013,0.1981229239164883,0.0109445342234219,4
0.1495189064058428,0.5088527676779863,0.0527132562499835,0.8090307713051578,0.3606707023269713,0.816859720669239,0.5541922509683049,0.3668955433363154,0.5528699150050885,0.1639053028402991,0.7769528623714833,0.6626136296349234,0.8503846172500188,0.8815799574463896,0.5513913182281163,0.8769554224302318,0.082964373338113,0.2693705421380562,0.2241778928019907,0.6512050681158174,0
0.390521316756303,0.3044079945506175,0.9125273946390878,0.419884897903323,0.5765577938797353,0.577142744760268,0.2442109051882775,0.6346600238026905,0.1642895227333861,0.8855479375266082,0.7251331619308183,0.1974955485062058,0.0358361109014711,0.7521264170180642,0.6298124564349709,0.7613884307239627,0.7577335452516566,0.2856911113961536,0.5331229910615918,0.279844921252289,3
0.3490663648236399,0.2913551490349814,0.8247407532034909,0.4215793126398051,0.3553436730015787,0.5668249352382124,0.185932144038015,0.8708467549915977,0.0529364322849705,0.8699041204867132,0.7596696389277963,0.2091865625016232,0.154969569797874,0.7201133591882298,0.6802490996112308,0.7239787018964,0.842420281934845,0.183101426333746,0.5172946991288107,0.160976897237474,5
0.4316798513628937,0.2241483522329265,0.9014220583380166,0.3560251828975515,0.3514081074056963,0.5797073888552743,0.2105908592891606,0.7212445036596377,0.1679919402765782,0.7938405030833297,0.6808056053334224,0.0960602617716711,0.1041440449325222,0.7567753502392538,0.6076783796380739,0.6500971727859899,0.904899603895992,0.0,0.5939372449179987,0.1900481695127129,5
0.6743348014393732,0.0986271394559442,0.3131705579212407,0.3946967263155845,0.9522336368250076,0.8857188375239977,0.3118005301585951,0.2456791402572628,0.5774428116317587,0.129427809821897,0.58643676382766,0.1822250586404019,0.2015901858885379,0.900829614186058,0.8390705055397015,0.7929401359616851,0.350753126258526,0.1195117080325604,0.8349675778448951,0.7937335636659625,2
0.1097920392203095,0.5818482794621861,0.0945411528822148,0.9748554626462668,0.2989439749573505,0.6590744021727863,0.409726720120857,0.1565243504434782,0.5514367875293693,0.2082554147727785,0.8396644916710565,0.7460972361941042,0.914381395623342,0.8702514514920641,0.5369993103638993,0.8676682111689803,0.1078439137164428,0.2709976582950891,0.2334196367910092,0.4948781915094342,0
0.3807150770857226,0.8997219094753005,0.801408047856664,0.6303011039668158,0.1600538358869684,0.1848634471807147,0.2778173019912692,0.8626546724201013,0.683306052062646,0.6272002684400373,0.0730071499332732,0.8652190540948971,0.7783002225519627,0.1759793133065136,0.04725939059528,0.2211190825226887,0.347570170670799,0.7765737517523406,0.5533254419246211,0.398697766426311,1
0.3388070222520318,0.8583767424886056,0.7572425611366844,0.6233321966603435,0.4456230340088348,0.0553101414185024,0.2125627820693491,0.6374237129651206,0.5910311596191244,0.6888546937527121,0.1147419069017758,0.8235101404379956,0.7468985478619451,0.1580290319021691,0.0890646533664808,0.1605614716431256,0.3555157008169098,0.7702756377690602,0.7124643414734055,0.5886585075492516,1
0.3600121851069645,0.8821422916590278,0.854327601948781,0.6532750567529286,0.2748174137822425,0.1861317884917674,0.174436526646027,0.8080568941955126,0.4962282663413266,0.6346858977916224,0.120525928240543,0.8192850429861308,0.7908290859125958,0.1079053990783411,0.2062133580040178,0.2230925880915166,0.326570906242509,0.8016819736159545,0.6017001031972941,0.5009292230600968,1
0.8622125977391504,0.6197369126164577,0.3751141068259304,0.177152403357972,0.4903075054898837,0.2628019575114905,0.8353542339820273,0.4558745115106558,0.8316643676468358,0.525703425323078,0.2388424154508631,0.6946034865827515,0.7221554276203895,0.4923193092383687,0.6180883794218482,0.4950178470566699,0.5982854177425226,0.7176009267479738,0.2827908979577278,0.1743582841801911,4
0.6592024871540273,0.0879328218843467,0.4188043227608667,0.5079333146718309,0.6790077728585343,0.886856863899809,0.3243668886199614,0.1047491513846163,0.6284850248626271,0.1597129351407238,0.5598634739241302,0.1885579469871739,0.0998326846526138,0.795515646654383,0.8621187329058506,0.7582002451556552,0.3146559465929341,0.2572788179718123,0.8876888923541971,0.8542778207054204,2
0.3614836926403883,0.2802208951783097,0.9353628405749096,0.3891833730574155,0.380280399500244,0.4996861445902926,0.1993907710736713,0.7269559404048759,0.1120248444898881,0.8440430516267119,0.6865886419912022,0.1627616213891811,0.1062613642162257,0.7244602630454984,0.6751395201800391,0.7579371146029324,0.7536441817594655,0.1860607299636352,0.490691049083113,0.2250394738110372,5
0.753102824166643,0.1467045487052074,0.3867180678805005,0.3757636070686883,0.8351921210945754,0.8315016374481641,0.3046724370811036,0.3571707595681648,0.6602868223377825,0.1300263511975821,0.4884215004413932,0.1197510069150157,0.2703455186092977,0.8637743511001642,0.910118484735034,0.8276025957316421,0.359983559913073,0.135294806690584,0.73934704184351,0.8433105741596992,2
0.0397444195484502,0.5489300754826084,0.1375946671173148,0.8953785408738439,0.5088990134418347,0.6362916287998971,0.4100727926911424,0.2224061634976808,0.6272157047817699,0.2340926960487673,0.8903663857214434,0.6684782381554863,0.881342001028353,0.9021138740367388,0.555669173121591,0.8614276413615811,0.1627222628871311,0.3790137760606515,0.234732294927985,0.6851205252722452,0
0.4813239416157702,0.2879202451822432,0.9267330523420928,0.3903364231101822,0.463087217538389,0.6385485166608159,0.3489780752082648,0.7623038903769523,0.0810271276798701,0.8679485940853662,0.7247928861764249,0.1486529327903341,0.13596581212431,0.7790885457955858,0.662880040058129,0.7651933278270641,0.8213464976507184,0.0644899661738535,0.5500783082927545,0.3970383308436714,3
0.381415234238658,0.2499804484195689,0.8281582439540883,0.4521603788126065,0.6122418333167199,0.644081889381903,0.285572042552715,0.674707446292069,0.0723413663850366,0.8549269693582898,0.6883741528415698,0.0783958534908103,0.1581460847103104,0.6994654741610249,0.6723274083775691,0.720667364085708,0.8604805678500614,0.2040141720681442,0.5001463248287893,0.3982690038711304,3
0.3776570857630817,0.2815312169445689,0.8869523285637648,0.3415250964674721,0.6689187506029818,0.5600112491890591,0.2946392453952366,0.7193183278263747,0.1219746206495332,0.891899948563723,0.7277703501101603,0.0995778868192624,0.1040969284694659,0.7020973815185197,0.5926806770476007,0.6161517285301196,0.8964816798525964,0.2785639272359763,0.5820924632988439,0.3466619832522142,3
0.3638109816821603,0.202115758085554,0.9504161756824664,0.4084614011090594,0.4361337591107405,0.5658644137772378,0.1835676752174476,0.5590092843599066,0.1862160756977064,0.848148403273061,0.7131700362395914,0.067895509468363,0.0670883648434731,0.7652786176316931,0.6307362412586243,0.7683127429226313,0.9083768257176084,0.1471772233496111,0.5532377743079007,0.2115482645572201,5
0.5642812391364354,0.1579074400348433,0.294003730709871,0.4414501280449574,0.8534866099922133,0.8710388132792459,0.3277338754185073,0.2558674111306771,0.6746149282511039,0.1098432971803968,0.586756762542961,0.0872364110787733,0.1302706832719606,0.8779856093266756,0.9097496755230778,0.7489365657693074,0.3428659024125264,0.1654656128986898,0.8313567663856541,0.8115626099435083,2
0.1548797662994148,0.3820583686969461,0.0971711488669527,0.9071926421312484,0.4309502921985513,0.6676118315121919,0.4607440409967686,0.1445781225738378,0.5196123390631949,0.2577642148967387,0.8306367379769132,0.7181008867627109,0.8121724485614987,0.913343385472614,0.4757529222886467,0.8574470421614004,0.1503953818382679,0.3015100501644476,0.2227255543700536,0.6413111305960043,0
0.4671772741706405,0.2717817099428061,0.8184138075537329,0.3430804200955301,0.4998003159734113,0.5601721703405282,0.2537036669250016,0.7898591131192036,0.0962507537451463,0.8690718459052768,0.7728857145449096,0.1749199202612308,0.0566357497109025,0.7677177921551344,0.5596112911870947,0.7482438413837652,0.7904028909678071,0.374666750683614,0.6066161234256997,0.1776574971580982,3
0.1760942081801253,0.4875750890418316,0.1262152349824855,0.9337092067891154,0.3716740403549103,0.6378140626562048,0.4859796975575788,0.3284337767443333,0.5083400482159127,0.2651203005576344,0.9438091003478172,0.6943908221339308,0.8299560587041173,0.8313270849255623,0.492117324559802,0.8402251447666589,0.150555900513765,0.228009720849616,0.1412759996756088,0.5995049550493837,0
0.5593437653262824,0.1910044863133749,0.3267461581479575,0.3432759036339526,0.7432565727403158,0.8462010653055372,0.2607728132778034,0.1340360679906957,0.7008912540949261,0.0911367552992641,0.5717962870230869,0.120022229634464,0.1478894095044263,0.9014435718225576,0.9036065156184196,0.7359298879985262,0.2920023838372286,0.2880634556826496,0.8533063047333491,0.933240593524805,2
0.8194044633565699,0.6473437894519317,0.3098274156679556,0.1624892300212128,0.3961736105242996,0.2926275299885054,0.7811833733397032,0.3720474109967797,0.9441358882337032,0.471566271799244,0.1373625266081507,0.6830604336178545,0.7694977927437626,0.4795432978406863,0.7717833045849549,0.4870135522173814,0.6111447939743991,0.616361840256827,0.2297468122279629,0.2483794708103907,4
0.3045452785644151,0.7411499329723893,0.7601302737669076,0.6432647159849818,0.3484123671802261,0.1324864826350845,0.153403709469215,0.8460230370176093,0.5292327769078417,0.634067075159663,0.1161083900312686,0.8927256451410218,0.7581661734709637,0.1222204575161509,0.006351253406078,0.1173829726950768,0.3753786008588956,0.7389288141213262,0.6050664246531307,0.5770477645643471,1
0.1222455796263543,0.3667277323399829,0.1999056687718647,0.84987325413648,0.4519388521282991,0.7064751015315657,0.4333250743113046,0.2943279028144692,0.6400570475971885,0.2455924238899152,0.9019397101747232,0.7068645589337536,0.9054359841602364,0.7916910490381412,0.5626070807680723,0.9193316089998462,0.1815062279910262,0.2910294796714667,0.2031494781175542,0.6120608108755832,0
0.413105710388191,0.7828514691592645,0.7646071040834094,0.6400202101848427,0.2422100915394543,0.1783581015203632,0.1832598039875817,0.8478712535315321,0.5711146848642623,0.6198635500924826,0.0812826641837345,0.9048175444448274,0.812490405814785,0.141893279749326,0.1812957205701666,0.0879755143196685,0.4401893116087964,0.9240409858265436,0.6420446748720452,0.6778887520458657,1
0.3384100261870935,0.3293040761299424,0.7383187453357022,0.3982043583875752,0.582284764279341,0.5032732569569972,0.2858645946842526,0.6115515067225474,0.1151115780259106,0.9074173659205056,0.7247202858396458,0.0652747998995252,0.0778344421645618,0.7859671566927288,0.6356130573316671,0.7689743256602364,0.9263873735340232,0.1408645745589915,0.655004184100101,0.239346187985064,3
0.3777737534128298,0.2675481164881245,0.8474145469457941,0.4383955421389973,0.4057445534227437,0.5487178152704464,0.2293992751077869,0.7506322953228841,0.1096805294166268,0.8877279383209267,0.7916840164997129,0.1562991572056578,0.1625374083773549,0.8194695561941054,0.6608918363565043,0.6796497739100702,0.8667041029135534,0.0687467368076865,0.4873387992968318,0.1869296521072735,5
0.6484106101356777,0.2464804143339879,0.3860173288430196,0.4032114865839638,0.833820152113825,0.9119559663785208,0.2860208443198114,0.1715815105258928,0.5905375712250842,0.0427651488590753,0.5860621443991614,0.0480479665962073,0.1686357754292181,0.9206377922285258,0.8339848517627533,0.8373258341837251,0.2769483610788656,0.2862906367599733,0.8922693779540959,0.6451164138642813,2
0.2009898760986921,0.4871536472405079,0.0748296304153339,0.9468349413969982,0.4318562763727936,0.7155803604675978,0.3783722599723277,0.1501153871397438,0.5244786225456778,0.2345358848762233,0.8748131978922774,0.765513182964948,0.878982335227045,0.6816616831002429,0.5310548544711039,0.7973791881698378,0.0827185905336994,0.2752958583527757,0.1823911229790125,0.4747491422690398,0
0.9409720588182244,0.601936593580783,0.3065157827139501,0.1680505275823308,0.3783331772515756,0.3674735294456152,0.7962220413380542,0.3703586045472299,0.8557357625221439,0.4324232455564993,0.1755349845122632,0.6854512335575041,0.6907586559919641,0.5010546874666382,0.6340020048675885,0.4422828018375126,0.593321202062864,0.6023369284073676,0.1270390788024782,0.2723234959053574,4
0.4479127380410145,0.2624592706457128,0.903602693690399,0.4241402897960166,0.5516648560356429,0.5839882811673595,0.2173860101158721,0.6247923899873927,0.147126214323205,0.941104816152134,0.6965420601932892,0.1977879106362803,0.1083235119060246,0.7433379913261744,0.6842525625165493,0.7184594649599977,0.7692363983845945,0.1176508571113275,0.5878971378429209,0.2549628182284133,3
0.2020927929858975,0.3760284816824463,0.1058982995782276,0.8406042712857283,0.2696262221141738,0.7669592297914576,0.4696160634694569,0.2651845771732686,0.6043940671571728,0.2135567087530475,0.8581267290280966,0.7901066028124506,0.8480342674472655,0.8532571399415798,0.5108530669775659,0.7837269770711116,0.0247463756760667,0.2964604688098051,0.269268431054261,0.6563055713097278,0
0.8571764642912851,0.6364398430102578,0.3612864822369417,0.1732291789156821,0.5856864540607389,0.3443883977885568,0.8373274014654355,0.3537824324693305,0.8861141598185652,0.4048346373230382,0.1940378658059423,0.6578792325557684,0.7583595473619528,0.4059711267068879,0.734736747040697,0.53537373886337,0.6064082258032615,0.5981610400540505,0.1771913850387723,0.2196650232490148,4
0.4693251109010694,0.2351887032517143,0.9734892135478894,0.3527232954206806,0.5648314815898305,0.5442890842559827,0.2189644031704484,0.6102533793277124,0.1291512782271517,0.8888605433405897,0.7402414666834194,0.1173910599671746,0.0786960610412705,0.6886374854455697,0.6091135533732518,0.6693190081604591,0.7881532199164075,0.1855084571524572,0.6420025038145044,0.2012418703778001,3
0.3857478687093968,0.2506270218854434,0.8425906817104185,0.4122184055736845,0.5278609282260749,0.5729183022436043,0.2799637088246024,0.6547331782761269,0.1326121673745481,0.8616388671837744,0.716937954212894,0.285164544786112,0.1303849910360408,0.7711468197981265,0.6352749966114309,0.665969948946561,0.9050169545849897,0.1409750252871348,0.5817559995189088,0.2159845090402109,3
0.6382290003645712,0.1539949418208433,0.3460311307626418,0.3936206596522318,0.8020454274554424,0.8220108927302857,0.3582583947248422,0.1933020824838004,0.6802754699867948,0.1802420209990686,0.5469944705668984,0.1394604248973836,0.1415434650719125,0.8538024062306101,0.9488043236511814,0.7398955410430882,0.3716680330743229,0.241639557081982,0.8052672173572479,0.7207970941029893,2
0.6709010210597233,0.1508162272225205,0.299107844888099,0.3845597378638931,0.6579314477468887,0.7902661964227947,0.3431060490560509,0.136219640143052,0.655456630281249,0.1208918986813934,0.5856235165872375,0.1209432391843634,0.1949746440884677,0.914520333511337,0.8759497083884037,0.7894905888601208,0.3397572719143493,0.2497924384429001,0.846820956728075,0.7834103315081787,2
0.0627792924125816,0.5030804739156863,0.0906720730826046,0.8896659887961735,0.3921510165552778,0.6726222350686042,0.4740136061236841,0.3349652831071195,0.5840809200803583,0.2355495521585298,0.8353164777226559,0.7168837187372524,0.9498255215603464,0.7986296261449546,0.4944711823545283,0.8395166661678064,0.0994813645802731,0.1377437638765039,0.2339134358196134,0.5201173658686584,0
0.1767033691066216,0.4751999057662682,0.1517298833970004,0.9013092892995636,0.4433279661825913,0.7777395031553399,0.4796300071241972,0.2181650656997622,0.6199060456616933,0.1411092426942042,0.9561860529483542,0.6179154540589976,0.8365130776721156,0.8192720582637548,0.5071321438219347,0.91869913655541,0.0749088172021777,0.3564548392440865,0.1870367640543915,0.6203219429461929,0
0.4017156394948794,0.2713376213327418,0.8371956444400354,0.3936973187502626,0.4360219803310349,0.5848527848186637,0.2215512060467675,0.5665937004278333,0.1286187243806994,0.934158118408096,0.7203080903166188,0.147224947784393,0.1501976269104203,0.7266787211813401,0.6965295156745617,0.6777165057265615,0.8718719993076891,0.1120576424655049,0.5536375503797784,0.2665998919705699,5
0.8278671890127939,0.6135702362475266,0.3707980222081836,0.0876091509568196,0.3781168566204595,0.4176495834403573,0.8246377779365228,0.4669870303911652,0.8282646270304465,0.5152959701816049,0.281707696872303,0.5619257798329834,0.6760674993974147,0.5188366108389508,0.695722340384713,0.4830267435507506,0.545998314531931,0.8168769975695923,0.2049658684303295,0.1308538174079971,4
0.6567300339111949,0.1384088180563112,0.4283370127508412,0.4671236303126857,0.9589779638041366,0.867324505688264,0.3538246753329525,0.3300106741100393,0.6268407957116583,0.1046931008266098,0.5600991976376306,0.1462651767399711,0.114987567192049,0.8690157564421481,0.9049903442390652,0.6515082027491248,0.4364510164471955,0.2810148831919108,0.835269707305898,0.8286706841092278,2
0.7357739518040546,0.178341764566043,0.3739615940243216,0.4378816738836824,0.8723031995071839,0.8396586431894412,0.2898239225453301,0.2712520511279837,0.6207109435705462,0.0921592362910211,0.6383512461335569,0.1521856401489302,0.19348149270805,0.9424008213782752,0.856429485739139,0.7720131910348103,0.3964743708129688,0.1449314062180744,0.8604798348039083,0.7948231597066193,2
0.3803495533166121,0.7802639240253849,0.8241104707540233,0.6351345478588328,0.3303628582861471,1.174722231125363e-05,0.2867057250457953,0.7464673367410585,0.6614431101621197,0.6057429607665572,0.1334804168270103,0.8216024630704628,0.7544418771634092,0.2119639446294395,0.115968223091104,0.1597167173069751,0.393791787814709,0.8522299057243244,0.6140577690466488,0.5551782208700811,1
0.2488794986632322,0.4980571754231566,0.0723049517840357,0.9515050707909204,0.4003421578074887,0.7910822263357463,0.4872984430459998,0.0080824815905717,0.5181616694761575,0.2759787738957445,0.8807625368581694,0.6437246843328076,0.8351125930809207,0.7177609109034614,0.5066709915631479,0.9777435104761584,0.174273412217207,0.4920755681460388,0.256954263787259,0.6828225557321936,0
0.6514747685834028,0.2082062385743787,0.3080170391482386,0.3695198422413723,0.9115118713882217,0.8411766467463705,0.2076855048210429,0.1168247518770617,0.594663252077883,0.0789564508173335,0.5634516048268907,0.1362644489303297,0.2268099315589612,0.8593294959723882,0.9094961914039994,0.825399953789163,0.4305109356080281,0.2176039307809813,0.7571889397416767,0.8273843349862042,2
0.8213593396502201,0.619253607113397,0.4091444904789956,0.1544746244106408,0.6435151225442796,0.3609398589352285,0.9706917926163536,0.4744036853465668,0.8561892519991983,0.5126091717073586,0.1991071323518004,0.6169128104660818,0.73108769559206,0.532430140380406,0.6973098456669671,0.532408390666092,0.6322586286979734,0.7093893319621225,0.1433471415044434,0.2098221350721275,4
0.3732133842031507,0.3063459700421074,0.8222463122319708,0.4187842295242835,0.3836247209381837,0.5546048424070846,0.0692516048023117,0.8149558966615231,0.1573392427145933,0.8383476102721306,0.6716234516182951,0.142201357920493,0.1451866901419669,0.6448923497846423,0.6076139670432521,0.7619095488433578,0.7769571222671787,0.1684362887748955,0.6443660011978505,0.3023733696187225,5
0.1140363862017664,0.5143815926855272,0.0660501477344318,0.9124473219037298,0.3924657001188122,0.672514511939059,0.585575429985216,0.2532763490067204,0.5898913625797768,0.2847052711728031,0.82040648287127,0.7706196660884528,0.7617002976347621,0.7759510461388816,0.4930664835819855,0.8969161573934904,0.1387384606757204,0.3283060066436247,0.2173551836578026,0.5080063366565667,0
0.0913120235952037,0.4264241385767157,0.2504377176204882,0.8864157485226799,0.2420772195585524,0.7966995928419569,0.4746633490807357,0.1706042436241799,0.5252310967420661,0.261086985167495,0.8623240331046028,0.6065226822979166,0.9380349983790504,0.7975132768430232,0.5825961448692273,0.9321410542547194,0.0785369987025997,0.4124772667176985,0.1793884799836585,0.4258646722633321,0
0.6425624156031667,0.084350758962169,0.3988803369608576,0.4435020297247015,0.8912236641083278,0.9203049208252736,0.4407774487047386,0.1871235500142858,0.606576044194524,0.1124219154470009,0.5850434130492932,0.2042463052521687,0.1120253418320087,0.8232826061439912,0.9155351764837214,0.8029257904966507,0.3344657701296666,0.259473265779247,0.8692158958253525,0.9113258103297946,2
0.6942769659122606,0.1469289904329998,0.31934426421303,0.4414102973294588,0.7676288565789675,0.8005064574871857,0.2934096787049663,0.220882351327387,0.6653764079999439,0.0485252655010494,0.5848069392550819,0.1633387615324223,0.1747456615330903,0.9400190112398376,0.8500412623994725,0.748943322105582,0.3842874266250967,0.2053917775431457,0.8371437825794444,0.8292195372588633,2
0.4433381222243532,0.8974419744837462,0.798481249298139,0.6360936434350448,0.1799134254055759,0.1548023667310255,0.25951362010776,0.6855501570085656,0.6909515370492817,0.6394418731524623,0.1598528905079129,0.8019464962661473,0.8005250353801479,0.0835443677087408,0.0586925418532199,0.1570205217274959,0.4000981696413402,0.7505258399715764,0.5296128225148146,0.527177459651164,1
0.3512476688000479,0.8564353261316766,0.7004892837741371,0.6035704884823576,0.3229319421273744,0.1288450933301569,0.2075465542068801,0.7475968801850964,0.6251024918894031,0.6020843744274136,0.1122307002463288,0.730817354285545,0.7704250019612192,0.0356918320578324,0.1778298528718651,0.1849804049152404,0.3766597874758343,0.9244269426209222,0.5572160141226139,0.6820663846088415,1
0.1435111357844606,0.4924420909148795,0.181375724331148,0.9534039865623192,0.3713277871989375,0.7103039521482155,0.4795489933926465,0.3050623989936351,0.6021965462913018,0.2311449798575498,0.823912848684853,0.6420552798373498,0.8713231519678178,0.8341250712290743,0.460211970865243,0.8661037801742525,0.1641388157669586,0.2525231002650045,0.2660160543035632,0.5612257697992482,0
0.3729415208520579,0.2413467296668066,0.8333475104547783,0.4254512191241556,0.4826497776819092,0.5747210560873527,0.32837664730406,0.6907137715188715,0.0898051233686612,0.847830012547243,0.7427056670083471,0.2063616585520722,0.1410694899051975,0.8309028439817409,0.6974141252625269,0.7029332045805389,0.7925543559438155,0.0689335490322697,0.5058262052730302,0.3061823175650647,3
0.3910394470648008,0.3597507460785065,0.9111445932579434,0.3692471103331562,0.4671744653221619,0.5385963167703163,0.2242495538058177,1.0,0.1719836139913422,0.9006642466226934,0.686364405025901,0.2335361393217896,0.1638183241207179,0.8339590067230526,0.6961168564227755,0.6087834189507096,0.7793869645677963,0.0946436386099656,0.4854136694802531,0.2656985015795838,3
0.9075068685752136,0.5008726346476152,0.4354829385046133,0.1895670469556249,0.4817973624726595,0.4367416238192781,0.8508720477174921,0.4467719976030938,0.8612577747287942,0.448413268775013,0.1659809855651021,0.6681224612646055,0.7567001156212096,0.4790350702678611,0.6108431561916381,0.4701365073841326,0.6010333949684217,0.651547134049231,0.2909541238781014,0.0989443916959962,4
0.0956027114940488,0.5377014832755982,0.0868449002304341,0.8486028151999077,0.385093894277045,0.6035763160548733,0.4047139980301089,0.1625037197366996,0.5897237886869175,0.2081305265213441,0.9099691288960524,0.7531542577610191,0.8944043659999087,0.8090714068084556,0.5164005132986812,0.7922169640852987,0.1211211506247277,0.270820239540207,0.2487687351308533,0.8184343487286708,0
0.6019307169574201,0.0850484310783171,0.3608639664543976,0.4580690124580862,0.7421154233607824,0.863978671238895,0.3684766612352803,0.1514825919839146,0.5812093404194718,0.0841921052733475,0.5516162398639549,0.077545153389208,0.1341615508556209,0.9428125770569378,0.8102451385635744,0.7674415523249607,0.3263410607737826,0.2837249086181888,0.9241523295184494,0.8597864501480629,2
0.8893157657991497,0.5886999506371896,0.4609869592110493,0.0666044056034563,0.4893005066076587,0.3396122857003706,0.7446585252141363,0.3301680204069754,0.8406645227781205,0.4977358843871944,0.1602858656171734,0.5961048945677498,0.7547539807015814,0.3927532042281071,0.5773706975294361,0.4329856101812868,0.5001530922745551,0.5713128606759915,0.2231152530257339,0.3005541727421026,4
0.4173797860397943,0.3181735140003784,0.8224594131738137,0.3302778854399233,0.4786356557158306,0.5891841588949669,0.2280965272788652,0.7319378960491045,0.0429274025569681,0.8467211797340227,0.6972427827416016,0.0832654639073774,0.1762453910901165,0.6689007770345237,0.5896128199499576,0.7237278930836227,0.869009941781028,0.0826086731636694,0.5638957812790029,0.2650228924196277,3
0.1128682094111385,0.5049418214888679,0.1318307892569096,0.9425723653464932,0.4000082684202556,0.7886548602912745,0.4343875202326923,0.1627086261101657,0.6575759326512102,0.1627390487694409,0.8473350304793879,0.6655656391731767,0.965100938901444,0.910697364958076,0.5826207301676364,0.8511534426159968,0.2587395599004463,0.3575221982588134,0.2616438568784435,0.6077720902830416,0
0.5332370159847852,0.1015234109883326,0.3275708179770954,0.4097867047530122,0.7364216083646786,0.8873649039284166,0.3797219997698423,0.2618806029688687,0.6751519571371581,0.1443266661659704,0.5313815121003233,0.1970484869231499,0.1443936218610873,0.9170547876797768,0.9330752189467314,0.7830290838758788,0.273974737571819,0.134012155562972,0.9239385529819676,0.7685122048881854,2
0.1473977312670076,0.422548599854014,0.1477244403519304,0.9196591244954636,0.3153318895835258,0.665338352021506,0.4784184359621135,0.2167998925241789,0.6392369710716023,0.2583285920001885,0.8512481065227131,0.6885730308769351,0.8684234795449323,0.7798608324890688,0.4699832240909791,0.903521335631166,0.171042225550468,0.3858190864310838,0.2908056529078388,0.5460032478213456,0
0.1824664668349534,0.4662551054268956,0.1478209786295108,0.8790862566430053,0.3435475813442089,0.6986990392841577,0.43982887915038,0.1078416144238681,0.6023493574506729,0.1252086773532365,0.9841440961778012,0.7630652501192469,0.8554552943828899,0.822534290464202,0.5269000167755692,0.8408528170863309,0.1422792988111737,0.3287370844248529,0.2127662840143821,0.6127460288454042,0
0.879490092987251,0.5708604503112501,0.3364390875312246,0.1268175094793893,0.5968374111301765,0.3349289270273677,0.841019337234194,0.3973781122610111,0.8750784389240854,0.3841183949203707,0.1843042681893062,0.5751451177529197,0.7480090198784524,0.3998952697537047,0.7244295803822286,0.4289266359075087,0.552483164697151,0.6965459208985393,0.1492998975608965,0.2532188752559702,4
0.1366737643554471,0.4637285343817387,0.1572720276377074,0.8948009038036577,0.2574321816423524,0.7012882178851934,0.3918260329926444,0.2350740362220097,0.6289446266047878,0.1638917785406537,0.8412519642132347,0.6669143236373012,0.8481853118046917,0.856455946769819,0.5020313456188654,0.8904592507946724,0.0976789973549289,0.3543348334550792,0.2500445664264827,0.5295042822189341,0
0.1450728214555799,0.5108805780727448,0.1754558935432259,0.9126937698405408,0.455710233480857,0.72534168701796,0.4711603796985302,0.234207722477614,0.5626573818127035,0.2788864422297617,0.931575211058294,0.6207544730796989,0.8654272948132271,0.7893332355834688,0.499364431203943,0.8850254780654537,0.1582992551341652,0.3295734204882931,0.1208871228273907,0.5061092904132596,0
0.5960817299634971,0.1012196287573694,0.4340591452397898,0.4476889365975158,0.9022217396416836,0.832175180939955,0.2292614021729001,0.3676871428822837,0.5955087121140795,0.094909613890251,0.602198383272009,0.1914449173684762,0.1667992440672586,0.9368517516593864,0.9123777276045592,0.7088334470753831,0.3176118345622203,0.2644980088970003,0.723399594210789,0.7694325407556711,2
0.1622819754096269,0.5569592141854465,0.2254725095669611,0.9058821368015968,0.0587643951920876,0.7832017290705452,0.4155893949082532,0.1702606184279337,0.542400135765936,0.2168270406956036,0.8942106142596977,0.618330879783374,0.8187490060170516,0.8347421618205864,0.5394954080775253,0.9000520824355843,0.0882087731618208,0.2673358963245059,0.1895162268973994,0.6128898971015015,0
0.4107953575615313,0.2348160723934698,0.7566105617467798,0.4149691347634627,0.4594594630699294,0.556426117934799,0.2999547179282885,0.658054923507333,0.0665397341467286,0.7945200587438335,0.6679906963958709,0.2715657066268692,0.1476942388848711,0.7438975891060033,0.6041311408692153,0.6674965205606466,0.8946905558160326,0.1303065023365227,0.5607857454518587,0.218232504665428,5
0.6315311255033499,0.1232539867383876,0.3512005904419581,0.3328469985763771,0.8214702634294716,0.84724229911989,0.2863580202164679,0.2046527350312328,0.6119262168635952,0.0890523673950898,0.5227553526055041,0.2181129080329308,0.1405395488207494,0.8724108658240454,0.9053537185416016,0.9273582265446572,0.287869197546489,0.2245184538917371,0.8203640268156177,0.7417045071265687,2
0.6567730337416191,0.089013259512749,0.2185054420969341,0.4362216294705592,0.8304671676681851,0.7880481539368799,0.2709368122680972,0.1507817560729153,0.6100798316555952,0.1006597771036084,0.6022745001161726,0.0,0.1327992658774509,0.8209804239515075,0.8406273437862964,0.727041078834658,0.3952971180848295,0.069332574931854,0.8615170637449969,0.8302255700562076,2
0.3731835566344639,0.2326334694148608,0.9038923719297433,0.3959422336543636,0.4764910397422091,0.6410186689113654,0.2568181440884617,0.6591952385043078,0.1026050267287553,0.8824737266864592,0.7292825500249154,0.203789448590532,0.0975337008168339,0.7158848424105129,0.64991119714228,0.6923900851185307,0.7892311315983256,0.2506220775395421,0.4457309346988332,0.3112612419744952,3
0.3726811708627619,0.2587817148245853,0.8384537550758656,0.3978489290328925,0.4241594396831844,0.5887456677864413,0.2636581570308038,0.5952297139178073,0.112161995299385,0.8690997462395397,0.7640445955582287,0.1724036265845171,0.093924971397918,0.7573401091388432,0.6989638065710186,0.7247183713713806,0.8620379234731763,0.2134365763500345,0.6023250039697163,0.332664506583085,5
0.39089082352566,0.8758256729002198,0.7850582849613493,0.606465389541906,0.0963552056772134,0.1377243748362371,0.1523023668331579,0.7050417273447026,0.6050557629164797,0.6617682456668672,0.1841603972776953,0.8770097989841245,0.7863581814941271,0.1176715631458015,0.0351917336863153,0.1487994306660084,0.3564565413595816,0.9909613022438432,0.5981957252473509,0.5619463690372295,1
0.1865083450080286,0.4151358736274542,0.0335219423954618,0.9808879543161646,0.2935822465447379,0.7219287277814594,0.4449459364315624,0.0191855335016513,0.5499050685187425,0.2538112708802741,0.8865305976291463,0.7348604285794677,0.8478439533672399,0.8593778047112913,0.4786459160783242,0.8003987025702999,0.0657072965391955,0.2297039541056687,0.2679110297512889,0.4631144602247494,0
0.4813871458238023,0.1992992137639318,0.9128492859009644,0.4321483877579484,0.4578246797600613,0.628172666326158,0.3111350644088972,0.5593581288220343,0.2113593255565732,0.8054037188642191,0.6682574477618579,0.1476161678842334,0.1945838498076035,0.7150905145263093,0.6154520395051688,0.7502973560758833,0.8229563222193721,0.084143468774239,0.5059217276847008,0.3622080743567579,3
0.182202802552638,0.5184400435022275,0.0688784513558422,0.8446837541564493,0.319328214706326,0.7922984327614545,0.4128540096247423,0.1391919987234741,0.5386315817422022,0.2253993073654727,0.8817362372117983,0.702307249544201,0.830613777135659,0.8537157414582237,0.4795629815682444,0.8643216014190198,0.1655881519871582,0.2959160380798531,0.1851960964857901,0.6461859876184181,0
0.0267909075262916,0.4770608091995967,0.1317815833419492,0.9098534964977067,0.1422821525331357,0.6416658317088966,0.4049189767284956,0.2522579199401272,0.5750530040238819,0.2253940670705659,0.8980540204554754,0.64712429016815,0.888599627827889,0.8441422431633088,0.5324514070689983,0.8585910474817481,0.2214376759624357,0.3699206495314592,0.1702784142959463,0.6077380485295115,0
0.9115262708832558,0.5678349161044622,0.4021648816385738,0.1172788868654571,0.505503678437647,0.3670676352050298,0.9172625191267536,0.3673783187522632,0.8407573972473914,0.4349131242417541,0.1353634884168676,0.5598928620098492,0.7364281641289676,0.5269786720412308,0.7168033259998199,0.3317367708601071,0.5643507670996798,0.5958970028778311,0.1992842177553655,0.1922730268913733,4
0.3937127336082867,0.2836289913346778,0.8449211928632556,0.3539156517261044,0.5159813949516914,0.5924731392523933,0.2170991726393322,0.5523286728583671,0.0715100215477148,0.9147398152434472,0.6896198401802143,0.1444908075762254,0.1784338309757538,0.6766194396473726,0.5803597818185202,0.6451495054960056,0.919016524885322,0.3072949649158644,0.5695842032121262,0.3064262236356516,3
0.1620630137757282,0.445863105214435,0.0892335747850366,0.9289716899172884,0.4939484428560834,0.6953928838777297,0.3610345634531189,0.2168362937593261,0.5872427055680534,0.30496688482282,0.8259409627516129,0.6716346942569608,0.8472467157156947,0.8877629281759973,0.5118283761057424,0.8247275825085184,0.1533476115817256,0.3085353701147156,0.1509901378072481,0.5144020690400272,0
0.397892504327671,0.2469642419496938,0.8605284526163066,0.3439529531189173,0.5817987795187716,0.6186226292363348,0.3181227252254845,0.7545429481837628,0.1088345836918438,0.8290089435783334,0.7132683103617604,0.1225105318359701,0.1227928859290862,0.7958114840868862,0.6115798964531741,0.690189910915744,0.8275875799036914,0.2170521447595711,0.4919365675335697,0.0543590474194621,3
0.4253325438411122,0.2837157657876201,0.8225765151767058,0.3681857160222576,0.3897110597383056,0.5396314262714853,0.2443932531959359,0.6392485234909502,0.0929832513159592,0.8415853590914826,0.7049810350827741,0.1680423660868621,0.1076894542073937,0.7987087989757056,0.6382394322169772,0.6009188177570697,0.8627012374588979,0.2094346946645981,0.5072957078010586,0.1125867204636343,5
0.8172136520679294,0.5386179211184233,0.2827762465732214,0.1232252577080466,0.6643562024461536,0.3814955964697419,0.9013879517267352,0.354769139548263,0.91991457121785,0.4561200145600639,0.2515543118104195,0.5912089489698253,0.6937794783337187,0.4335530254616787,0.6072377905096037,0.4061407491744074,0.5880490125251114,0.6219052733832823,0.0,0.3187875836808441,4
0.617298363382884,0.1774779188531204,0.4586710944742596,0.4133207768485781,0.8751850066644886,0.8382319232566757,0.3432745281624196,0.3457484806057534,0.5079171633101177,0.1392951682599175,0.6709008355834065,0.1455920044711552,0.2308038151994622,0.8439023838643441,0.8515134226998521,0.7629527285149494,0.2374154391515477,0.1116513179454343,0.8095363921552791,0.8631705979205194,2
0.3706241482376246,0.2373398415253086,0.9277361528638828,0.3550854894795041,0.3993014370080955,0.6148934624868518,0.3139459175935717,0.7475472065860209,0.094691363048295,0.8941960858227581,0.6948576954164316,0.1328820098356253,0.1671266219735482,0.7097934305771132,0.6297549425614155,0.6874761907136318,0.7778102105164155,0.2240377691186396,0.5574896818513277,0.0774497359395,5
0.6143912935947562,0.106153847409036,0.4016517488062276,0.3426068129847641,0.8329044453389165,0.8046321255253682,0.3056927829723491,0.2588089538020256,0.6272744612919975,0.175764525698866,0.5809492197089389,0.1498040566312918,0.1477591791403175,0.8742263304270503,0.8792020578013465,0.7513648122909157,0.2601547634825979,0.2224094054603886,0.8762973389225387,0.7244068694598121,2
0.2052354242507666,0.4786874152409964,0.1456375056802361,0.9563432341661576,0.3692452204604757,0.7791167921647516,0.4587426381179364,0.299975882938111,0.5676029733993238,0.2859181325623432,0.8835713231673297,0.6245539960289641,0.9219738746604942,0.768787799315513,0.571487490998838,0.8649285352718252,0.1865171284284459,0.417524245748772,0.2381691269169554,0.6392606552208802,0
0.6616015155066154,0.0346742374229393,0.363947578453208,0.4026151478295801,0.7657797495736882,0.9460390904801704,0.2739936609500691,0.2806182527022762,0.6195425871204645,0.1771591985827957,0.5571946839940396,0.1022286520613981,0.2089741331850179,0.8936441265455144,0.7826487763306349,0.7331669292395593,0.3747543509289979,0.2598727750614678,0.8262587125558037,0.5368436489046863,2
0.3282164111460456,0.8981846533653339,0.788294364537851,0.5921514802746578,0.1107866593936287,0.2092170462952601,0.210459272509497,0.7554544390530746,0.6966116399648228,0.6018090962753296,0.0480172371303625,0.8406407761108843,0.7752843202446973,0.1320720196382042,0.1115661423042016,0.1589590991275699,0.2812289458164675,0.920875238922828,0.5981329872553989,0.6211949237651855,1
0.2711960420428484,1.0,0.8296716588717604,0.6284713564049257,0.2269566296531888,0.1748989319480668,0.2000987596200193,0.8130525303289696,0.6388484943548479,0.6501513519575106,0.1059846247610626,0.8615849779401907,0.7672796121128417,0.179330101468514,0.1477315839480072,0.0,0.3839098654980393,0.8285174627979254,0.6035130187030814,0.5010941311609474,1
0.5600791643801373,0.2587171228593358,0.2961606229949892,0.3468613573486568,0.9311888262082664,0.887614105709369,0.2701375381657784,0.269788958410781,0.6728606712002968,0.1245635999844536,0.685888567313137,0.0583914305332155,0.1927606370803879,0.9313653688754284,0.9008108226969924,0.7463495286346904,0.3400017584177049,0.2353912804829074,0.8990827099248961,0.8372897058008295,2
0.5866719133220925,0.1937648978016867,0.2945721390583721,0.4565178641806939,0.6968903584489371,0.8636518768969086,0.2817884061345599,0.2654635263998757,0.6054001452180179,0.0649798203875109,0.596311131963323,0.1077118965908321,0.20380561473135,0.8768255430262399,0.8724669945978778,0.7056294974151687,0.3225027339716222,0.169602787308897,0.90112032219576,0.9249823132529452,2
0.4118820708997102,0.8632632724514033,0.7678126669110685,0.6021842706878591,0.34423950023036,0.1223005640107937,0.1776144458966848,0.7633907314318799,0.5863862283417723,0.5959862396726151,0.1255600318152716,0.8699019235347738,0.7935727745820531,0.0904903953902312,0.17967399852613,0.1057142356323913,0.4377907854682903,0.6828664496670354,0.6287190353301826,0.5779648220550926,1
0.395193214894323,0.8885301151699219,0.8066077045676326,0.636635040037465,0.2864931334423988,0.231480024943729,0.1833061231284073,0.8139164562750081,0.6052723110651331,0.7053377804410622,0.0824474774424477,0.9504084535938704,0.7756149785251474,0.0475589105316165,0.1258092042042888,0.1131131988810894,0.3956839567186097,0.7756489152118791,0.5849572549664661,0.3743861520853326,1
0.6512532995907461,0.0924248833802501,0.3841026499045131,0.445603182928819,0.8873622776400526,0.7886780578129012,0.2934147736830009,0.2999216534820257,0.5694787916737227,0.1137280744957081,0.6425437632964447,0.1366083281674591,0.138620669963817,0.8285991493397395,0.8686608872745408,0.6904815044448966,0.3402385820194904,0.2193020229857583,0.9205652595253344,0.8396499468157428,2
0.6156290148582713,0.1430155423485099,0.3877976836274658,0.4379095914539606,0.8291416603182574,0.8074319794233437,0.3347375884671912,0.3096214724878393,0.575511292657195,0.2108680547840942,0.5630485170763874,0.1371589261462839,0.1389248714108299,0.8825702980691925,0.7772127523986012,0.7304604239686746,0.2959283683272785,0.2119587161624628,0.903516122164812,0.8354965470564116,2
0.3604172832359339,0.3614781209813543,0.9632216475666248,0.4019225589726358,0.6543096484375355,0.6599171024520059,0.2330865796785547,0.5117143458847183,0.1177154063184476,0.8414888766566577,0.7215561686520487,0.1646684524900676,0.1226605629788904,0.7617976963199868,0.5552670889105791,0.701480476497343,0.8203496985390553,0.1768339074436405,0.5752775813172631,0.1383608422772022,3
0.1189222897917215,0.4992150182238593,0.1556716607174963,0.8868541898540796,0.5529145598863529,0.5599086012584115,0.3760098754387358,0.1609500995290547,0.5276878851138794,0.2489311375407967,0.883530206005831,0.708846228167784,0.8851010082177001,0.7704752855182386,0.4526228114003903,0.8913601466565654,0.0980983407219712,0.2319627788123011,0.2646737619982259,0.7152859347799873,0
0.8046906942373402,0.5597164503565204,0.3138856465031099,0.1921343289065622,0.4989740767571921,0.4134276433215091,0.8203198136124488,0.4937589157525373,0.8494485960182594,0.4111964104151082,0.2525913833906129,0.6860030399365865,0.7301450092074949,0.4814574118033926,0.6924754558513027,0.4576123176047327,0.539127267059507,0.6437315975707492,0.2895598347978126,0.4502188907965959,4
0.897316596913057,0.6763056755866381,0.4344909136109478,0.1447187947177737,0.4960288725445574,0.3456379519748059,0.957979948681536,0.4118201505324336,0.8332683918749075,0.3976947084534242,0.2117022062742901,0.6460676537317285,0.6951793150285884,0.5262862546593239,0.6597122129758153,0.4427326653999886,0.5738517937494935,0.6435791452959778,0.2030293476355992,0.3217274309036471,4
0.4922208327893268,0.2463952793501754,0.3734007673115545,0.372962925922231,0.8111397429396293,0.8584344626612679,0.2872087085896747,0.2362044728073978,0.5749382253074118,0.1082928277193884,0.5530140386951702,0.0739719055370561,0.1715056236609984,0.9047080808372862,0.8803792335519097,0.7993786597274376,0.3730562385466234,0.1589479037808371,0.9021834915712276,0.6685216519924478,2
0.3673420424211425,0.2982433046935149,0.8450054412045881,0.4291000889384515,0.3977410288698654,0.6819835844351297,0.2834231139694312,0.6149834561390324,0.0975802936706705,0.8503820357536424,0.7709925309169994,0.1016226173443173,0.0951765133000592,0.7065453568065385,0.6153343394191079,0.6688328933514084,0.7582479166520901,0.1359844787988204,0.5258472447839805,0.1899860308890239,5
0.1172027225420266,0.5112989413989371,0.0982188721001749,0.8952035439291758,0.4666443352485336,0.6604877701316125,0.4761140726834348,0.3606094145652889,0.5522952509934331,0.1897622628074281,0.870102793201123,0.5870403805987968,0.8777972798671012,0.8462354945107076,0.5878502216313307,0.8598287891916939,0.1500331173619618,0.2767724309664361,0.1951083611717003,0.4662460132984345,0
0.8105552845496494,0.6059644877194325,0.425385407987289,0.1570769501191543,0.5067350045012828,0.315804264341926,0.8803205814112649,0.45457822951494,0.77376976790489,0.4788229142334995,0.2055091238668117,0.6373803585333468,0.7147677593354307,0.3433758681308482,0.6558537631564831,0.5372973600108564,0.5800291669721885,0.6570838329969896,0.196181822542008,0.2468744532026593,4
0.8319526845043455,0.5259678594984388,0.4759142922257934,0.0994511659725671,0.5746820932275443,0.3220335576730767,0.8529401789001229,0.2622184729271176,0.9001834290017148,0.5120505804416304,0.1513542134428724,0.5633876806304347,0.7524896439963221,0.3906230177278278,0.7310654669237433,0.404295282849213,0.5227658683768746,0.6897361952354464,0.1415014497912177,0.1668982747353826,4
0.6689158816067053,0.1638945281598001,0.3790279218019266,0.3113989150036971,0.6883832241494732,0.8973601510879652,0.3406780852546104,0.2093720595186169,0.630433271694899,0.1899848505725001,0.5749396803662878,0.1400323520504315,0.1712162593236358,1.0,0.7564578917531208,0.791988820358073,0.3413351053086874,0.2410466447857757,0.8283967115711517,0.7794098907280805,2
0.4592489826967257,0.8422285425621729,0.8105068671425271,0.6887057038520957,0.1973049437401383,0.1475830615079199,0.1437829995246858,0.6815219238104169,0.581264008272785,0.596052466630193,0.1100094249739857,0.8363142274189526,0.7859029057370183,0.0369125961180996,0.1402579941477246,0.1865681299877644,0.2455377303792636,0.8428879882468351,0.665739233780248,0.4376386968818734,1
0.6542468470561463,0.1384485337929187,0.3182966701263796,0.446306184485636,0.7779583849393344,0.8173657542188717,0.3360265954646159,0.2810991847875345,0.7131903405180303,0.1558214384984836,0.6280697632856129,0.1093475569885745,0.1263480350176444,0.8750289884323043,0.8635756446426757,0.70562505578534,0.3434607511707745,0.232757239249594,0.8754809747539932,0.8279483142190974,2
0.1346764440234476,0.4924272768014033,0.0845825790789629,0.9130614959737734,0.5617576346721397,0.6823873349755895,0.4005593947270934,0.2447958213236597,0.5484090763882967,0.2554164929322065,0.8589082642701632,0.7676162440867014,0.808129363567625,0.8856580531691151,0.4778538012364683,0.7804184801532706,0.1398935761647234,0.3185441581858961,0.1596461257744402,0.4501678885193013,0
0.870150691875046,0.5336239497945905,0.3702393302092081,0.1491448710565941,0.4495361796611442,0.3034169362435273,0.9528293712421332,0.3678926922395459,0.91925002827848,0.5109671230096589,0.1631273740936419,0.592317642771638,0.7121565897291183,0.4194839359178257,0.6796428345914654,0.4401906954446213,0.5985740610432564,0.7710028621384875,0.2347244521455294,0.2668408179466374,4
0.6317674294346362,0.1434371736388416,0.3362497749096206,0.4448769860097711,0.8039777749241924,0.8810572864408949,0.272160291605978,0.1111614038624575,0.609292026722695,0.113100826992943,0.6073653020708732,0.1280960152510993,0.172490165977874,0.788494509916535,0.9435785410112224,0.7491749558392231,0.3863974361156776,0.1341998073624657,0.8759575869219894,0.676430987311963,2
0.7714366609160012,0.604050547482004,0.3683937622898185,0.2094991708705251,0.5610349175143695,0.353426976531751,0.8701122883558791,0.5358965872557183,0.887102101559768,0.4457453675478262,0.1558673067015916,0.6313902616330629,0.680575454910066,0.5310739185033111,0.5881275533085895,0.4427574230742238,0.6142186241207015,0.6946814629483439,0.1615804523369179,0.2843446922835688,4
0.7425037519489773,0.543906296851161,0.433862893287871,0.0846060223836482,0.4356184516579952,0.3967774335176554,0.9154920579985,0.4355462869769002,0.9110723109457118,0.4483035762301053,0.1725048940024947,0.6721304907656788,0.6694249256195173,0.3741897428629366,0.6523664825292992,0.4981023113722954,0.596988275788115,0.7298857084906292,0.0942195429635653,0.253877208197094,4
0.4259498235510582,0.3228398959586391,0.8696880209317647,0.3152120407539777,0.4607677975288498,0.5288920251050424,0.221539763194228,0.5625200748417669,0.1083446674572854,0.8441599939010113,0.6177544931926774,0.1912358230896349,0.2068762786326436,0.7631618077438608,0.6025169720055267,0.6789982276943984,0.8121093911759962,0.1734231145148432,0.528648635350847,0.1710225350219023,5
0.3881856881370831,0.9116594052131844,0.8643820208842382,0.6593908338208199,0.0562533198529914,0.0877748203693004,0.1418696937616274,0.7535792302054997,0.6339048701975124,0.6186499110367071,0.115966641732276,0.8357495693720813,0.7555124135638386,0.0492663600650197,0.0767351574405032,0.0771218415138126,0.2944618813555212,0.8896135166197653,0.5581641363013646,0.750493057866926,1
0.3542900186996359,0.2624831210051485,0.8254995484430019,0.3913779560072268,0.5328894306596738,0.5906299975654968,0.3302485030683647,0.5788924840725135,0.1502928783611789,0.8225146509225969,0.7205096337485986,0.1932587309016122,0.1078748936130906,0.7639578410693604,0.5701056065327952,0.5991984911200844,0.8601429429184072,0.2912758589596588,0.4831227107418369,0.3396088032888903,3
0.1127205079210559,0.4829123686438633,0.0965940417740165,0.8839107046077476,0.5362891440015473,0.7201984929838126,0.3977791394982822,0.2788239096088282,0.5705905394023129,0.1339364678482545,0.8937171967807951,0.705406891952322,0.8617412660696335,0.8608946846733009,0.478660868335397,0.8845218038837637,0.0510611491606371,0.3710646915342365,0.3118128892913059,0.5027736535804568,0
0.8807973619888506,0.5731598714171061,0.417588167407955,0.2021892694069085,0.6345314726401367,0.4650912081474164,0.8497238709403854,0.5362246132188934,0.8351586920700051,0.4753801977522625,0.2199397390524378,0.6054859653819282,0.722902094603031,0.5249127342895765,0.6421670743130414,0.528078760604581,0.5117712136210486,0.8192285933718497,0.2438667164485958,0.2241209886145065,4
0.8542083547331375,0.5552098712667531,0.4046093659259672,0.1827715361511678,0.2858749609750864,0.369410741810297,0.8630446487256369,0.4445145410345437,0.8375112819425852,0.5102114088478328,0.2267088334071329,0.6627734417515464,0.7545685177931554,0.4435119341490642,0.6465982439427209,0.4905292303316573,0.5375654063848513,0.7732277569178647,0.1792907218243473,0.2659737874421685,4
0.4734081768001784,0.2869837786991375,0.8979634928603334,0.4254858071304325,0.5272588360418122,0.5824360983505786,0.2445593245944539,0.6751677751395302,0.1829620711567362,0.9101794570912662,0.7028995922307738,0.195959160370494,0.1135164392079488,0.7430309071992027,0.5900340178178134,0.6674376975491442,0.9049233225963362,0.1707403903809085,0.538758405791724,0.115738575850692,3
0.665173448496431,0.1201895894550318,0.3897091770622422,0.3919052291463303,0.7879540165118558,0.8378713184979255,0.2748825833566905,0.2168289320027261,0.6018116848942291,0.133285564925276,0.5854585181244729,0.1674730704421399,0.2011995027809359,0.8212086929012115,0.8973247421430909,0.7033440209540133,0.3835663744959588,0.237189077235261,0.759163620705351,0.8013189258588332,2
0.35069246679433,0.8751671624171885,0.7278901933062546,0.5961438192491689,0.2590251198810559,0.1416305627720969,0.1671879102297108,0.724637115737956,0.545702197077744,0.659800411775562,0.1789802748489936,0.8701916313108254,0.7857304328948609,0.1566726038116927,0.0623557706940051,0.227992882695816,0.3663927575627074,0.9341151643023888,0.5650152990633995,0.6939573494494404,1
0.554440907482369,0.2375965035436011,0.3338729503839458,0.444460157895675,0.8132664448739416,0.7944007224326838,0.3179824025273539,0.2867983457367906,0.5977306451401768,0.1746880058832643,0.6236418432500684,0.1816810646396535,0.1458759772293878,0.8188280723982062,0.8263866878569809,0.7653171841678577,0.3845294937139138,0.0419900496134569,0.852458011736388,0.7924661190355821,2
0.888241644183229,0.6167746449016481,0.4574035890320628,0.1692284456417292,0.5645957643759675,0.3157033386637348,0.8673648643179792,0.3452885319604664,0.8738139301921293,0.4872637520869878,0.1588805993112465,0.6336807437821056,0.6902554896277285,0.4878070107711734,0.6485195892179595,0.4112436705022695,0.5429596114526967,0.7025574525846274,0.1865634415246766,0.2002637799782659,4
0.1115237243349311,0.5343939154539424,0.1057615248988792,0.8166591182302194,0.4262355213176904,0.7099071009997718,0.5070087814774525,0.2293726337209857,0.545044871293597,0.2727889924401026,0.8750739929661387,0.6583608871361056,0.9114066781248568,0.8296136708012185,0.5091338089987368,0.8763265542328482,0.0746148014864181,0.2987880392186096,0.2199911619569559,0.5720674793321636,0
0.4999769445946856,0.2790311945142622,0.8483900879801336,0.5205354162888037,0.5130462009158108,0.6389312941021189,0.2958774654827895,0.7104001715617675,0.1540946458286877,0.8222573364337571,0.7305163793764394,0.1023280779731745,0.1081646004539925,0.6952857911589523,0.6338509702536781,0.6937918948536956,0.8601185409581362,0.1813650880509305,0.5014236599944986,0.2219463062606818,3
0.8517450375308044,0.6875287091433774,0.3364835413929158,0.1528233344909333,0.5048023146696523,0.3855809487859792,0.9593864371481198,0.3842020017401424,0.9283894757498729,0.5483680379885134,0.1983322430913134,0.6710856989813554,0.6975162059330885,0.4758748845096174,0.6680870345521237,0.4851352807349147,0.6434103768994518,0.6612491714756721,0.2705844961417763,0.358558897603062,4
0.3379984304162875,0.8536903681431486,0.8185772458974487,0.5625169794401997,0.2576661505106471,0.2324622456853387,0.0905648064690995,0.7776462707671277,0.620887920304479,0.6785409157286303,0.0603286909601503,0.8093914505825984,0.7979650601246518,0.1368062331817278,0.1405682973697507,0.1618175532305517,0.3165115607525763,0.8264478685826814,0.6196037112683461,0.4789024626246173,1
0.6452263086050303,0.1760173495213473,0.4029801102930807,0.3960624213028003,0.9190630820564992,0.8510261582404995,0.3252780969441362,0.2004894783893498,0.6343256322775408,0.1065160063178879,0.6240273655356554,0.0808746247205969,0.1207384848447918,0.9085881310574776,0.8506807285446616,0.735584189117431,0.397492613900775,0.1496156915737374,0.8501698722101257,0.9052051315404196,2
0.1287882920161479,0.4645075525870449,0.0443949773042267,0.9542196137491962,0.4121848432960166,0.7195622005482312,0.4648391702571178,0.1713842217069362,0.5806385481482855,0.2205757006113556,0.8361632050303912,0.7176632305240571,0.9193600452759668,0.8522865014896728,0.5568192298288153,0.8407037810743279,0.0481583722355128,0.4485073746412529,0.3165642653376453,0.7189008128580736,0
0.1554100802251099,0.4840666337483015,0.0780144088103731,0.8486126150499259,0.6604790533378988,0.6876046549379295,0.4776035952760855,0.1111530903950617,0.5509556019617732,0.2295318997771422,0.8920049024439559,0.5658464263721859,0.8706416918670385,0.766237633131235,0.5285378070758561,0.8091217927605932,0.0833586365122196,0.3178311750551416,0.1631607864116351,0.5505738048527558,0
0.5525326142815162,0.2682514142541525,0.4444293826007763,0.4093476993630751,0.8252213120541925,0.8092530827357364,0.3426034546251,0.166305586420161,0.5053927274951105,0.0724736313348596,0.585791466184891,0.0808230241712578,0.1608858932510656,0.8213755339078754,0.8188247918080833,0.7993031024982524,0.3613949406403771,0.1982256288200124,0.9048394325159724,0.8287506978211022,2
0.1314733604001582,0.5094610498701237,0.1130109524734062,0.8523385230273819,0.5330192378915941,0.6095974438094294,0.4262446274491203,0.2326759556099569,0.5664744062679475,0.2418745259196049,0.8977173183235589,0.6874097585589526,0.8480668939750943,0.7949876719013067,0.4871887056889318,0.9028988512797548,0.0974747639350906,0.401368187704105,0.2124297788109181,0.556486961307496,0
0.3336234165446104,0.8899479246649853,0.7566620126827432,0.6470416266513312,0.2437852021305388,0.0788292362473233,0.2573375094099063,0.8961137660864188,0.5845077666626824,0.6328676831737348,0.1226515390051191,0.8847827681422767,0.8032430212407251,0.2203983626484318,0.1141165912506314,0.1070136432916766,0.2774842359993768,0.7627910276002402,0.6016024790577849,0.6901622674096644,1
0.4425339759778102,0.807160589859995,0.7665837890521268,0.5779002585302265,0.267540904023299,0.2256326189320723,0.1426342048350674,0.5846052239641886,0.594443044805403,0.6866934059411316,0.129461642416775,0.8914819515974923,0.7651934721354332,0.0508135495094052,0.1491021827273115,0.1087845709487301,0.4674378475586301,0.8573930797485146,0.5769083718550969,0.4852290716909879,1
0.5481179290797282,0.1445538148283795,0.4302427775750846,0.3205114918942771,0.6041314635063182,0.850522041270797,0.2994953860330845,0.2172133378074661,0.6437965283771989,0.104331598606205,0.5063407028938742,0.2249577373258326,0.1250143419708054,0.8189046552919326,0.9077012946290032,0.738414471298496,0.3511150671957805,0.2322832669989208,0.9092423060623254,0.7534199389840194,2
0.2200219665907418,0.4691572009428091,0.133642404014742,0.8509507490123698,0.6378868203835905,0.6981549635575796,0.4247792742984326,0.2009672693058771,0.5314055307909943,0.2057229731927718,0.8521391111592654,0.6296805747879439,0.8319936537825953,0.9148590914170606,0.5445579705567547,0.9119910441171644,0.1920700231830317,0.471820120343792,0.1296584509409828,0.4957829094964069,0
0.6591951094193896,0.1443968690251709,0.3444525861909763,0.4326433133967231,0.6709589376391306,0.8592621810368185,0.3572337851293184,0.2666457063113999,0.5110698026018926,0.0939686001970738,0.5504070504652032,0.1416763813469153,0.1885658855044998,0.951294406224381,0.8333237379473732,0.7318676954191754,0.4140382272828032,0.2188063218144172,0.9235649201711408,0.814818763746728,2
0.8644132431552598,0.5845112178474616,0.4142914815522771,0.1264211190047289,0.5551580953504955,0.3185599450170794,0.8699618126713294,0.365478770631372,0.9629937555379238,0.5178076566839818,0.2110759526634177,0.6946290863144704,0.7539633136153331,0.4802895024507558,0.6046120694201236,0.4364876234820843,0.5642309123754158,0.5972559726633705,0.1199364161941727,0.2666804464220761,4
0.8924286130876055,0.5956167344315321,0.3227506916554156,0.1366746339017487,0.661121666399478,0.3423346347128452,0.7412421104998007,0.4381964506100035,0.8609837513032341,0.3866929277025533,0.1237685703434094,0.6787023639192377,0.68901243940644,0.4262746688043394,0.6746874383522847,0.4192002995752882,0.5848121424856375,0.6554547766638517,0.1374250210718784,0.18483109564099,4
0.9328877031921492,0.5551849053583986,0.3456349366181327,0.2051140222849383,0.3647696170994036,0.2914125735376657,0.8781684571580405,0.2884528393805506,0.9227628411748816,0.4947892190993234,0.1676350765722699,0.6917661201447594,0.7781231142748519,0.4716674131264525,0.6572799167434683,0.5653683240945854,0.6112619133293598,0.6990199036870431,0.2637215516137478,0.2617036244446515,4
0.0974332670823111,0.4131419800156909,0.1386267656762967,0.8330132957976536,0.478215485090121,0.7484556375541752,0.3551580673629382,0.3512986624802671,0.5862548231698127,0.2610679139772973,0.8470003945535415,0.7155373041241659,0.9075914957585176,0.8102999991636212,0.6052431219190411,0.8688429172199018,0.1911507194858874,0.3626269573651634,0.2456254856616141,0.4530134307149863,0
0.35469447254845,0.844662335696476,0.8020083837938262,0.6019979909431933,0.2662998851675661,0.2743186491794969,0.2185626134866326,0.7342696657170789,0.665274961722072,0.6293433965759557,0.0281872109663093,0.824700284274586,0.7019888914779325,0.1046157448927972,0.1231310591452593,0.2259685823613072,0.3695545358148802,0.8071265467256333,0.6440951736891162,0.3461784863992727,1
0.7976977714560576,0.6267071879080832,0.4227511244843451,0.0607977931277928,0.5213694613283855,0.3616119178551818,0.8511822818786046,0.3003627533935523,0.8844860307493059,0.5499322316528152,0.1725917461460568,0.7074988398017393,0.6923042117499768,0.4874384927973673,0.7075554517828665,0.4483984466793277,0.5637886219659809,0.724887207882037,0.2894910487397394,0.2498541136262362,4
0.3200592874428244,0.2911178578851112,0.8581868823759973,0.3847162204576487,0.5777358278804307,0.5459684940343849,0.3010889016450851,0.7734306736339338,0.10037529987297,0.900193349120649,0.704877239811848,0.204996833134387,0.0545913280469698,0.6515255086527392,0.5960756302593969,0.6336923082206409,0.807598237351289,0.1500599676809062,0.5662413782860517,0.2118196859750471,3
0.4108057633775444,0.8846693784768642,0.8404485098113569,0.6506598805951073,0.216141709624023,0.0958694590471902,0.1592545742028904,0.6961751953997211,0.5863661480262089,0.6728280640990459,0.1778978986454916,0.8858593622757519,0.7261254504987559,0.143899122754783,0.1825913156899692,0.1096660134497347,0.3437626750858087,0.8201183806770179,0.5605505105683745,0.590096184525498,1
0.5802313183208803,0.1310293262611406,0.2800947302469839,0.4850762491955192,0.6826835360047004,0.8485029221659282,0.3675424033939116,0.2534315123594085,0.6018569851856834,0.05820095067885,0.550209539983971,0.1465292237814204,0.1410723310836686,0.882066432648981,0.8870979208760003,0.8092121835313195,0.2913764806660873,0.3594823009047062,0.8960791034335531,0.7824014351915803,2
0.5856322570337927,0.1240439612082562,0.4253923640907929,0.3782905383291475,0.727023991466578,0.8515336005369093,0.3614399142543776,0.2049394696398317,0.6590611126259168,0.1477335364521169,0.4959154020879323,0.1122209923358099,0.1407703801751346,0.8994582630787094,0.7326243819760051,0.8777419711093973,0.3796989250909303,0.2090098628770494,0.9163137350289996,0.9802850508830678,2
0.4338791986416067,0.3279719212693781,0.9214630588234928,0.4054746015327697,0.3995369468554685,0.5788904232105558,0.2885031269990394,0.7298444504229893,0.1454678853117139,0.8524519744972804,0.7341088342009602,0.2019668759923283,0.1323135830087031,0.6943967460028388,0.6087545449181587,0.729948249097128,0.761138169136688,0.0093763225241412,0.6101522106678419,0.2816740073764624,5
0.1201125307621673,0.4552782346926782,0.1422195069773376,0.9901950044633044,0.4412948198708341,0.7044440608517349,0.4303409238948121,0.2425433121913902,0.5258741270437174,0.2406759065852277,0.8922976234112266,0.7058777863488216,0.8819431155508097,0.8392714065608275,0.4308513851805581,0.8969934958027508,0.0943565317415991,0.2574803258901144,0.1578334395327783,0.6287295606614705,0
0.4405756361122383,0.354725554738713,0.8722624498304993,0.3527862014656126,0.4501696501037976,0.4648335967225829,0.256519291256299,0.723153084879186,0.127349335572846,0.8537043496268052,0.7346872081154674,0.1876584424120836,0.0564184419192833,0.7409988659820498,0.7305397803629116,0.6121376049935926,0.8339578443370375,0.3048785071490525,0.5891270779267366,0.2007029196181221,5
0.8839892832505739,0.5268869859273255,0.3963568205161771,0.1010266879434877,0.5684841690600468,0.3325110387871507,0.8599512351480284,0.3938746635586196,0.9710398558752912,0.4401604513691539,0.1489109661566863,0.6632050338628628,0.7087274880650173,0.407513100130735,0.7787455696832278,0.434879558377224,0.5585224942200041,0.6807547773339786,0.2817245929085124,0.0887916249422587,4
0.4364320389152686,0.8835733880585644,0.7368226502355679,0.6048910169674468,0.1708274387454435,0.1224423153465283,0.2216682365038719,0.6567099264323651,0.68206753955434,0.679531247566875,0.1561347931253368,0.8529036475995834,0.770401695527744,0.0495018778321048,0.0972070945325327,0.1686470674096462,0.4177497827467253,0.7303617065591604,0.5816580452831199,0.522157895231059,1
0.8811438487255397,0.5206378613614441,0.43762145565106,0.1285878103632962,0.8149229420419993,0.2200743815334382,0.9592129217850724,0.3826070014377011,0.8021516302262354,0.4386349798491407,0.2008972924979489,0.6771662686989899,0.7850218205609989,0.5524633506664869,0.6296619899320032,0.5046803842205249,0.5952633315022446,0.6203838597135833,0.1831468527248123,0.1648694792950559,4
0.0823343376083655,0.482674286490423,0.1059038052142968,0.8987159290185439,0.532997027889378,0.656432859708592,0.4674105843547548,0.2278790755377752,0.5456279625706455,0.2683155131895204,0.9113107054406604,0.6508537189427805,0.853067570314353,0.8300628353159688,0.5023463499298073,0.899151152153541,0.1461607865987474,0.4747445488513908,0.1333559132753019,0.582809239025322,0
0.5293851799770385,0.1168431122874615,0.274909979399983,0.3944941614983002,0.7973999342953633,0.8546584382558269,0.3251680499999788,0.1486508285312361,0.5935267335258351,0.0651007186290601,0.6359880736730493,0.1226736819973121,0.149303223659312,0.9561725458252948,0.7993491471766494,0.7026738697587261,0.2990372584325019,0.1889296444567687,0.8798017165229793,0.8408330119887089,2
0.3904864877340262,0.8130982400370698,0.7983221029753104,0.6112670173951397,0.0495666876072171,0.1140124337307793,0.1494306209815199,0.906201526319132,0.6366833209582825,0.596857275929022,0.1298847306275046,0.799774341597205,0.820351773099974,0.0962896366420019,0.1203059563557455,0.2119221625753102,0.283667992835019,0.7140467058984316,0.5732080986601192,0.6165225036674707,1
0.3674828588302056,0.9018887129766984,0.7595715319455132,0.5433830475994371,0.3968777477569544,0.2330366605965295,0.107032950779259,0.8154367670023971,0.5853330301718124,0.6581322730611028,0.1190259784283037,0.8589139235437345,0.7459297143681224,0.0843798656885596,0.0790811008668899,0.1051750987037051,0.3482582089083318,0.7634022462936968,0.6374346188939546,0.6604891142943962,1
0.8377683530784426,0.5556517526163521,0.3724355869034616,0.1424383866636969,0.6663317977872858,0.3622389570683797,0.848046820935379,0.6215263162346981,0.8764291776924142,0.435984632655799,0.2472009101887633,0.6146323751822284,0.785691817654896,0.4311132935858823,0.7467588937721508,0.4598254925777748,0.6449574617929893,0.8149789574403383,0.1396298921420083,0.3345837927420969,4
0.360888409071656,0.8213850751703943,0.7606516125158292,0.6344644121426278,0.2957467509823301,0.1052543045582621,0.2231810564146098,0.8564742112717221,0.6309769374499605,0.7198808636510328,0.083663921001532,0.8129102171613327,0.7057409824478781,0.1939876038912756,0.1523497878639524,0.1435284609684961,0.3684881099005146,0.7323706015589123,0.7257180997182097,0.5475024099657695,1
0.5275837965028581,0.1772989366914784,0.267553673818579,0.3933704647644703,0.8948861117412581,0.8561897293491418,0.4258712615214008,0.3072070021398307,0.5757186874674123,0.1221432026995694,0.5830386698459015,0.0596211078337907,0.1272974760663017,0.8437211181362966,0.7602657319405708,0.755799070683519,0.339629220252469,0.0742893131122375,0.8805511390712137,0.8470026401040932,2
0.4063274628114131,0.8769519599918149,0.7726610131655598,0.5568395002493717,0.2655523872568346,0.1168581169904274,0.0604534154731278,0.8543691006369626,0.6538242972618373,0.646621199739866,0.1243408485324958,0.9185493078085216,0.787783851260242,0.164877847835557,0.1116610908460855,0.206245109339519,0.370888364006136,0.8274086819936457,0.5411707704059204,0.563666634339536,1
0.379026048410634,0.8908910109011169,0.790012740572637,0.6772666035152745,0.2489499947587355,0.1317116245908297,0.1746314588547039,0.7972466900214805,0.6182968796737488,0.6559018215640192,0.0842985412125993,0.8446105134264767,0.7217533566294657,0.2163541095322075,0.0668702551068899,0.1163932983080029,0.3111214856865696,0.8755854365919079,0.5903123268285416,0.6441614052821416,1
0.8670144987355607,0.5796972119413234,0.3932133968312388,0.2180774901360941,0.5920316667494276,0.3885398486419984,0.8744082518405474,0.4319918887390223,0.8547579439382428,0.4915471431339074,0.1842167437868917,0.6465790449287129,0.7283957386360805,0.4781159195423423,0.810174549574409,0.4133189810189789,0.5419354933184377,0.717446840467423,0.1658449288687039,0.1994930829003005,4
0.3748671136576909,0.2240117435800095,0.8665988172996514,0.4148984875776435,0.5180492698656017,0.6973006366150499,0.287876186934454,0.7442162541239676,0.1320549598700174,0.9340615661932342,0.8152945285215426,0.1818185698233578,0.0829883818949843,0.707137834854583,0.6289618679773368,0.7028727900920747,0.8734788901158278,0.196674542059806,0.5249145757352425,0.1883462109968539,3
0.6306451677316305,0.0697233875504478,0.2693423744346974,0.444730856544785,0.8471183042916334,0.8432848444417318,0.2488123121820174,0.1680359484577794,0.5923418568921194,0.0590913443782148,0.5549706358774922,0.1591839471062766,0.2235101817844156,0.8616304425927901,0.8881507685850459,0.6652518325061046,0.3882843483661894,0.1328243866799826,0.877820962824392,0.7607724336680377,2
0.859287997406435,0.5846246216927999,0.4392327325504286,0.1583273615450116,0.4948488845817952,0.3143908984321068,0.8816597841069354,0.3604919668233054,0.8707235463608587,0.4654190711012996,0.1509572178487981,0.6648518961990699,0.7044374991339609,0.4314878731096758,0.6561373871211698,0.4659688283357086,0.5802552479145675,0.7075472866350572,0.2438584576300217,0.3389103173687243,4
0.1670344518126822,0.4398572924058855,0.1687994034552967,0.9146564105859756,0.2089524637254775,0.7344430683991998,0.4167411910355089,0.2733239912244908,0.6049045689909328,0.2419163873654303,0.9376874874861522,0.6854535528766978,0.8864479716250316,0.8566410166372357,0.5125005859102999,0.908334424809858,0.0977720404820852,0.3067952145377941,0.1518732816289577,0.6207150232372458,0
0.4231924025603888,0.320655731938757,0.7170280425953889,0.388031085137513,0.194756710348993,0.5786431021790622,0.2625812358580286,0.4724994071241202,0.2155776556209686,0.8810979342061083,0.6778777731950768,0.2283774056026964,0.0472080803320408,0.6721228887226358,0.5098314534109913,0.7713978775250936,0.8524222774776327,0.2117229777338004,0.5489740416962042,0.2994146097918593,5
0.3030620979290416,0.8469578755005477,0.825495176635098,0.6408351584940037,0.3248917378113037,0.1871915412664453,0.1165876770525412,0.7372423726186387,0.5781924369075806,0.7024937708514831,0.0646944828952523,0.9127727647744852,0.8097159355091949,0.2127858049331819,0.1048430023913059,0.1751070202233466,0.4711543469218693,0.7659637559999263,0.5282637929393914,0.3706109262520828,1
0.186394254012664,0.4764754507386646,0.1040981523062271,0.9108403608050154,0.3716934410844589,0.8077294361025669,0.4371984488578305,0.2225155468698983,0.4621719030194875,0.2272219958058976,0.9059251815882255,0.647010157556957,0.8280848845601535,0.8561874331811257,0.4432154272113652,0.9199722641940355,0.0992338615612095,0.3093622942379759,0.1556723150517197,0.6321484384026852,0
0.1685737181491675,0.5137705327800773,0.0524738125321156,0.857780585569855,0.3483725656741217,0.6742436086690189,0.4169192088620156,0.2497393810231932,0.6002594301964266,0.2771101249911529,0.8421461649342951,0.6520109441976293,0.9156080862154712,0.8552035466911163,0.5185211342240057,0.8937748599228437,0.1234191749106026,0.3801027210842512,0.1968033094271778,0.6154552362037737,0
0.1960590896660402,0.4790751309169049,0.1574964022317373,0.9012121418055068,0.5156675816422673,0.7319370493351899,0.4459236129215475,0.2311449212844152,0.5157186965366068,0.2533664476582269,0.8713130142032406,0.6715220840690037,0.905863265349897,0.7534800015297394,0.4909626151598771,0.915134186192647,0.1505302082912861,0.3455684410081591,0.2268816290136281,0.6025531864107181,0
0.6167754415623662,0.136951815514576,0.3337449234993997,0.3514568297785495,0.977448897713645,0.8510501865402759,0.311640984519908,0.1475441523481512,0.74063083195228,0.081337253586038,0.5666640026599047,0.1538926495704281,0.1903096961797727,0.9170054889003216,0.9378664414357044,0.7822110024117624,0.2969845462560928,0.1784041169001957,0.8731263489036573,0.9535925352690696,2
0.3188999665115774,0.802491767438228,0.7862982244308832,0.6659670043037192,0.3963088653854027,0.1344096651695334,0.2314194795724463,0.75905070436679,0.6015879235271662,0.6803527212957539,0.1407622122250747,0.799735874643754,0.8403867893173583,0.1905462023031414,0.0948545091101997,0.1671705176096445,0.3754256581591083,0.831534278389338,0.5744941073067241,0.4754056088345975,1
0.8849266547129616,0.592934364752914,0.4532488579231828,0.1260897909947608,0.5196854328099146,0.2973527278287472,0.8064963311990789,0.550589901722006,0.9240753145817776,0.4058089764729093,0.1953229574629676,0.6282688722149271,0.7056859443287099,0.4534530032980711,0.6951107247678563,0.4890432506100184,0.5985664530468251,0.6675970459784705,0.1882306621719744,0.3077315123924246,4
0.4798114856664113,0.2454915510037946,0.9118475521337284,0.4597248104619099,0.3792923527830722,0.5570724395506377,0.3546193383955621,0.5882922474929911,0.0655741275231288,0.9293442329595272,0.7584790704982752,0.1852711498847974,0.1172981195877386,0.7103058609724038,0.6275249139295745,0.7610480237147408,0.8499758563704923,0.3136739007713349,0.4877005965575126,0.2450564399391073,5
0.1505544894893453,0.4150011056186986,0.1639216383369445,0.8756102113799813,0.4028098608169522,0.6422393567827023,0.4443977295868467,0.2044116617457239,0.5610823124831685,0.2964864303678177,0.8794896941846305,0.6581598656910477,0.8335410122018606,0.8462470844654868,0.5759160505981057,0.8856091480926278,0.1629841963260384,0.377083020217291,0.2921259003760074,0.4193727815986212,0
0.7776796229885483,0.6864773661714457,0.4624778870501776,0.2292156644557536,0.5253466289655297,0.3758232622484173,0.8633875663186948,0.4735316091242276,0.8194594162689679,0.3622564115627351,0.1585886806781919,0.5690815135380449,0.7778514822494313,0.5686143793019267,0.608538935097823,0.5123195331361066,0.6262706987968152,0.5579126583824011,0.1731565609520844,0.1836563006123642,4
0.3198588454972813,0.943931044417082,0.8233048394935097,0.6760366977676577,0.3030909225050646,0.0962819158367283,0.1539092173783554,0.7962669668652749,0.5582639001795441,0.6772220987392864,0.1032608329381266,0.8600565957582813,0.8013703209050319,0.1431979113214449,0.1073151471756041,0.2021472142568042,0.2968602073204499,0.8603871340474131,0.6344456906044581,0.5150440562645537,1
0.8331051149681894,0.5825946402832984,0.3005879253666109,0.1167934631577148,0.6351741067986021,0.4282404683777934,0.9263107170440804,0.3093390842365987,0.9370518822936066,0.486987437186155,0.1851166290009618,0.5399308382385154,0.7578558658520739,0.44449714509685,0.6929304540587029,0.4523585437703351,0.6568006028650865,0.6609613353957117,0.1937189289555182,0.3630334447286686,4
0.5563855440925275,0.2104994167927061,0.3804050434989153,0.3233150252190426,0.8590693256731589,0.8413578553877479,0.2982132402816622,0.2446659451871315,0.6247743363976657,0.1497549489170444,0.6275575131559096,0.1517326331506618,0.1136577453962457,0.8491337245040743,0.99454414012693,0.7974477022076067,0.473074330738231,0.2946599357287719,0.8682988641145484,0.8144440928218025,2
0.4228303782422183,0.8920420691010975,0.7750885304655591,0.6467975246348934,0.1615596054716534,0.2084708831450835,0.2634554039545838,0.8448819988213426,0.5812700372485607,0.6664488183320728,0.0583898696237598,0.8988732496490367,0.7963702709856357,0.0225230733967494,0.0705087276176402,0.1329910122146393,0.3344898193176316,0.7311001068832134,0.6242151614428544,0.5598044407504756,1
0.4381553321015451,0.8287985052335468,0.8074855745459345,0.6327480269334541,0.2536166282496562,0.2300853613374466,0.209185281102575,0.7848782500675929,0.5341493641977685,0.6067300939774467,0.1064516445472309,0.873146654371326,0.7340633426238036,0.2425977431800836,0.1954171557851784,0.1723208183057272,0.3544053307858871,0.797983156382454,0.5509634740995046,0.5371327287624919,1
0.3682488228593703,0.8762929783632583,0.7336244883758878,0.5714347960162544,0.1001230546788499,0.0710822882251152,0.1047231010365126,0.7715474880132266,0.5698318630853735,0.6717766211749154,0.1101640644430772,0.7780014375787169,0.8035078657271958,0.1602549336549893,0.0775100339553728,0.1656011426186892,0.3069072090971509,0.8202934076229357,0.5439940373785704,0.3847199840320732,1
0.4237222950925325,0.2769179503463284,0.8731079541614559,0.3331431228110652,0.6280376780973218,0.5555949915826872,0.2849562058072828,0.5540454705724032,0.123108264581265,0.8796974967772135,0.7277158194675324,0.1681335000828433,0.1377315290058866,0.6793373230635636,0.6228219820916621,0.6894999395350613,0.8462922907706415,0.1639222795628492,0.468592268816543,0.1318269553290702,3
0.8240406325973927,0.5396870053861045,0.4242517900169246,0.0535824888312931,0.4990098483883729,0.201912993289707,0.8156154749857638,0.3494251748202444,0.924039118747674,0.4882849337720679,0.1692205943664489,0.6685077206835361,0.7562037541979457,0.4687381583971855,0.6120558886725088,0.4412880053782962,0.5743291500608346,0.5814440407376414,0.2132013164671482,0.2490998835827955,4
0.0831216249946694,0.5408288197555493,0.1288418661562045,0.9016137556946974,0.3937150765385068,0.6406260976107865,0.4974010366390474,0.1731933715352908,0.5253093774632867,0.2712604369467664,0.799625690867612,0.619581061218426,0.8618262478894697,0.8339321316184065,0.5369325488830997,0.8509411500435687,0.2593805068723472,0.3228097543291858,0.2022278381685394,0.5317182380239056,0
0.3214262866411185,0.8415362442357528,0.806214425294152,0.6194083892002092,0.2708569835245366,0.1913949785949137,0.2080945593373123,0.8516749688235958,0.6292174049331981,0.6417919450089676,0.1367450832415101,0.958396932572319,0.7733309153262022,0.0709151483251506,0.1741623595170496,0.139431097694712,0.2367919075527412,0.8703511070283784,0.5727134441526576,0.5229573031955811,1
0.8861105032643838,0.6324049763211964,0.456701080471821,0.0345879509041291,0.5585575012191499,0.3113600330032857,0.8484600123349083,0.4569124392273405,0.792097439327832,0.3963246617352914,0.2165716406464166,0.6568140896252381,0.7240233669550875,0.4366093753254417,0.7103720631122654,0.4862453061580994,0.5823089612094862,0.5853845808506262,0.1725768320606803,0.2945652242642438,4
0.7812642131207226,0.5311561088600896,0.3603939710331981,0.1516873167629909,0.5276925444034201,0.3383630877653596,0.8947703640154735,0.4498863976418414,0.908702467724204,0.5060162520426702,0.2626753873706263,0.6310815790147406,0.6965000793938391,0.5089759081958647,0.6222529084203229,0.4133056607940752,0.6259500529119753,0.671764773506187,0.1325192376789148,0.0995826683378596,4
0.4720448760729271,0.2718375986152964,0.7961740848110644,0.4186468433520419,0.4964279111095125,0.5257893905100289,0.2179582617593531,0.6609879085725323,0.1427481285159229,0.7715700396740951,0.7562994790732758,0.1405782399068433,0.069092285517925,0.7846636104762412,0.6165904803617465,0.734592489316791,0.8574255372812447,0.1646559790052319,0.5228070343883856,0.2826103467309726,3
0.3727498186907987,0.8204417507825076,0.8350541544482457,0.7263767658213969,0.2477772376048472,0.1027436264279475,0.0896093735977814,0.7781918229923892,0.665363392376136,0.6626502127090188,0.1081330566967693,0.8411572262198171,0.7357188185017998,0.161629621631449,0.1655987718526997,0.0721471827199437,0.4393114354207227,0.8565877709015752,0.6700832836067234,0.4166579854903675,1
0.3476827271031257,0.2594009627595944,0.8356672750092548,0.3545044833325911,0.3071784524748492,0.5928474012523627,0.2373640986666949,0.7343671326737954,0.0633143186740148,0.8486447579346447,0.7873227897599796,0.1217309501606236,0.109161716080178,0.6732845634918739,0.552614735084574,0.7537384454065136,0.8423762036890279,0.1758301309736028,0.4432740864232816,0.2683593491993702,5
0.3960845530378812,0.279941450208917,0.8744879856194431,0.3701442497413791,0.466953260012361,0.5992364279881539,0.2661793678274124,0.5409190806293325,0.0663795195497076,0.9107104284463148,0.6995085467133544,0.1875628735119016,0.0782482215046471,0.6627213211949065,0.5788070747733862,0.6645326523025735,0.7961523799541984,0.2593482158136559,0.5402150297821493,0.3969665759582623,3
0.1798974640583006,0.5059839752337864,0.1043874602962428,0.8936985346080333,0.6542145706004425,0.7667984527242204,0.3942817764125956,0.2385713410158691,0.5488040621519832,0.2290035638031003,0.8226256154544325,0.6738668292941759,0.9328520295087352,0.8462246376512236,0.3931667289715628,0.9277966389565536,0.1841551120091887,0.3110408693951096,0.2518382097301863,0.519661763895628,0
0.213607670564719,0.4864477905832443,0.12224864705711,0.8886658469855931,0.4555668782421058,0.728324209587419,0.4617002627086624,0.2360444772716628,0.6031142851374918,0.2309279728375816,0.8366300844558252,0.6650117703294794,0.7831322534610505,0.9246631303764064,0.5542744196171113,0.8262635468196909,0.1159484023344151,0.29180283625113,0.2916797168461467,0.4688350878860294,0
0.8215589696777751,0.5824909375181943,0.4549955168174109,0.0452116997926921,0.4963062691444946,0.4159049009546221,0.8607336492340786,0.5329804708286292,0.9384238550269622,0.4561398257166712,0.1668402587167536,0.6212087216061971,0.8270578895837,0.569108140438467,0.6790950507960503,0.4217207217829868,0.585714131087926,0.6955389344338354,0.1263428914104354,0.2349671328406991,4
0.4646690854164643,0.885410236449833,0.7226495722279052,0.6473920321034786,0.1366599078102706,0.2050253476258939,0.2349844928202369,0.6967135678260096,0.6593044602271295,0.6691876064293973,0.1429825708253649,0.9541126522285844,0.7705254573536513,0.0803272445825911,0.0785546187525845,0.1032572832740122,0.3472739283680218,0.8404959040631157,0.6177056867957672,0.6043930081507672,1
0.6054573527617209,0.1205990787012403,0.3301785596251337,0.3784983290243995,0.7678830331870249,0.859966703439547,0.3616403275976348,0.2198248084362869,0.606802125528014,0.1306565484432592,0.5621141977696626,0.0897994328255087,0.0976291954057384,0.8312823969115657,0.8798294503333707,0.7234279796860141,0.3386552045548995,0.2349188950988197,0.8812302952933156,0.6977119395169312,2
0.4248402373230734,0.2442941836892909,0.8685583437019022,0.3602812861555094,0.4130471627124232,0.5959841955088417,0.2342411359681318,0.6444210472625621,0.0633416648759703,0.9117612678923342,0.7335172064058129,0.1992190109578206,0.1718215282450721,0.6912207483093625,0.6010041376863674,0.5885093907185606,1.0,0.1548112458998705,0.5823768122159548,0.1336415659360994,5
0.3668706228563854,0.3058789038075037,0.891229583922884,0.4557323638382008,0.5218272886238834,0.5289092479038391,0.1710247065150172,0.6827315582570005,0.1025018074861826,0.8296921171815909,0.6630611195100294,0.1689253009140156,0.177427281909978,0.7159937627746987,0.6387549108099536,0.6754821420583359,0.767081651086049,0.2209474494486134,0.4725427666445524,0.2417327533358829,3
0.398337946987344,0.2548080811451176,0.8768816410477136,0.3879790766729148,0.3327891993136452,0.5916173385074651,0.1922822175106861,0.6712159471602613,0.1899847025334243,0.8592161947600002,0.6691682994683259,0.1580941155630643,0.089040232766046,0.7699241655568316,0.6099372219448005,0.7630191765387584,0.8953509538148181,0.1435153729304902,0.5666530619878879,0.2102690200876159,5
0.3539164355445179,0.2775232009194275,0.833174061101368,0.4018511808410577,0.5041868634423622,0.6703695471278693,0.1964500075286709,0.7030221744753853,0.193410864496989,0.9014527853671822,0.7475780026243987,0.188979681687566,0.1692667237638184,0.6787181027097995,0.5494691657212973,0.6794298157673343,0.7246454998720132,0.2524637262559777,0.5960685271889822,0.2014538465230549,3
0.3826427481275435,0.2597540909541683,0.859606353352706,0.424418160582825,0.5488282146762645,0.6355390876978587,0.2871809795524868,0.5246899152228185,0.1122951203562102,0.9564256012495492,0.728671472617393,0.1808122314774148,0.1363091507269836,0.756026503817347,0.504167021979323,0.6693417495444465,0.8349233479289827,0.2630842250452921,0.5315322158739815,0.1043275019963778,3
0.4449536899390473,0.2531246731744688,0.9123301558121232,0.4246086696158927,0.3867856474204774,0.5518219042424193,0.3292439821147208,0.6063854305242126,0.1331909603921057,0.8369783672061814,0.705445418404625,0.1611474127752456,0.0837668325403039,0.687375046010709,0.6301445128542215,0.6354503348879554,0.790195473996479,0.0940856180451484,0.5232971828835372,0.3212941948181288,5
0.4011513010799348,0.8684488397006657,0.7480243483471429,0.6392940443314864,0.4031922016781117,0.1501123887032139,0.2061130221779412,0.6631788437896311,0.5672065834836011,0.6633800638508981,0.1715208110143876,0.8892424187146437,0.7644090976300748,0.1247392109750358,0.0673363648699709,0.175865190613849,0.3940124779642096,0.77900102201497,0.5800099527374977,0.5556535711116163,1
0.9138059725110272,0.5041130617856503,0.4384288572183593,0.0799004102892692,0.6051725300393499,0.3174725011573112,0.8405074623815071,0.3695938387951574,0.8113386999615886,0.462736272823659,0.1588921743254312,0.6753255623201849,0.7469266939434078,0.5686491155098021,0.6908749394567426,0.4761589141380475,0.6526435307818816,0.629071588652886,0.1218841716700575,0.2502091692372026,4
0.1313926121001925,0.4945965058898491,0.1875075061624318,0.949864842662612,0.289625291371259,0.726916921535594,0.4830465569531244,0.2757524114265208,0.5310115663373138,0.3481358905397892,0.8211356720119551,0.6409760058796478,0.8720996767661094,0.9238426800781476,0.4802741068310577,0.8581315259818267,0.187585566008031,0.3399271535475515,0.1980461788331911,0.6345053833580185,0
0.5599486643289067,0.1724631195678759,0.3385872601041043,0.4421493030349463,0.6991731859735151,0.9421219931862344,0.2723213666932931,0.2382210843405529,0.6388716881935902,0.1046836783359477,0.6173028083753962,0.0764068833814224,0.2216585891172145,0.8705123407700969,0.8253730323354913,0.7401309588433852,0.3922629407352935,0.1546714969527351,0.8212078396553316,0.7672910631233979,2
0.0809173620538042,0.5174110910267091,0.2077717291162336,0.916721263946728,0.5296591224155934,0.6974166146400292,0.3755758912243707,0.2815876716290043,0.5881091650992935,0.2315028152266095,0.8672008457645232,0.7372992070934586,0.8251428986231341,0.7826797374164892,0.4651985632522873,0.8718727864307989,0.0710713399539759,0.2888579579672181,0.1777767680821559,0.5686550682404555,0
0.0187509642176705,0.5370739511495506,0.1676503658371525,0.9200903728625736,0.6009988195002364,0.6631510813237255,0.54792342189846,0.1614135862715492,0.5729343424062244,0.1843510939199823,0.8744016400956363,0.7088121214100299,0.8548885585363719,0.852320852193644,0.5149359460210222,0.8427522559852407,0.1023995272631097,0.4074833296655517,0.1848343944998109,0.6716278132912687,0
0.5480271352262313,0.195759516848517,0.3297415599937671,0.409834511508067,0.7657400226758679,0.7761446100145788,0.3138392494747265,0.2749756340589465,0.5481805576191086,0.1566667160429324,0.5476976835550385,0.1099302807683257,0.1898474075126207,0.8409126639337318,0.8630412376148292,0.7400608928572203,0.3627403786038844,0.0183978180251618,0.7686564704079973,0.8326074342486218,2
0.6374076221083802,0.2073241137474694,0.4024166284995111,0.4168175540028521,0.7793047525579044,0.8150246685718756,0.401192327598331,0.1702773759021703,0.5526687968356294,0.1528744349998965,0.5460980810221867,0.0878626770951097,0.1097357044872321,0.8483116699107321,0.8580971743586788,0.7647847109789888,0.4006984398620154,0.2378144600471161,0.8474303316629247,0.7719079450942815,2
0.6304889438749466,0.1404765415377841,0.3636458767837092,0.4389254641325348,0.6820657749650694,0.8157717932907077,0.350570929624415,0.3793404623687503,0.5988778871800338,0.1446905464534713,0.5765654383365957,0.2221073668917899,0.0942358307727253,0.876251175663162,0.7804872083785139,0.6323177993312933,0.3670750905821155,0.2092395634760811,0.8385167611556555,0.778522550937871,2
0.3094872636333534,0.320985254935957,0.8579454772645901,0.3830852468749936,0.4589167740458896,0.6381554617110776,0.2545780521355522,0.8389546422369384,0.1342335229570704,0.9111929798671096,0.7454601026649635,0.1637844327355152,0.0973189141880985,0.752722572327386,0.6329158351221986,0.6485554047883525,0.8470563348670893,0.2515237506335347,0.6343074638785495,0.3149407433268705,3
0.6393254067154188,0.292507790813506,0.4045290712169588,0.3656049133713064,0.767610560530703,0.8243146879075265,0.2280410248203796,0.197250466735281,0.6387268316419381,0.0745656421279407,0.6265980942095383,0.1587090152575975,0.1400901552597608,0.868848861231773,0.9298280073407882,0.7932093143575236,0.353915154541248,0.1848185230950616,0.8577779565599237,0.7376395127122436,2
0.1335244236852166,0.4239513916819508,0.0072471965882451,0.9191979248288636,0.4486915687130007,0.6777266299612185,0.3625606018707568,0.2822347283799651,0.5486429852707988,0.2564251052023981,0.9528804394622477,0.5946631507047366,0.8352374528072266,0.8067636046779357,0.5827086358481848,0.7879182661600226,0.2319032639447528,0.3450509789075212,0.212181001375662,0.5788929291594903,0
0.4075720463785208,0.2344876676386287,0.8123708642288963,0.3646594183473206,0.5269457878770418,0.6528868944377961,0.2899492489451692,0.7082819601293667,0.1512132456607724,0.8704045140486913,0.7451283995063693,0.0516351980194727,0.1245406801106542,0.681978373117058,0.6658808115589189,0.6710342260710759,0.8392600331073777,0.0530885682361488,0.5871277971222396,0.2930371184532501,3
0.4357287331547543,0.2699713681881444,0.7881689942476511,0.3843421569179912,0.4528278245846431,0.6255294414651195,0.1508511144062873,0.66439757181576,0.1483204767674044,0.84245981635704,0.7224258076165347,0.1325738741340364,0.0902396287177582,0.7164071236057638,0.5818976527584128,0.7090923757756507,0.7959986279777325,0.0934742808198553,0.6214149287144555,0.3203216477926578,5
0.5395365676817446,0.1445718624008043,0.3802891204905465,0.4316598600701647,0.6281480355660305,0.8438902475565919,0.2448962756167907,0.2933346399948224,0.6417399963841484,0.0858908560728048,0.5487847236101125,0.1142374528784564,0.076052998753971,0.8911275580601126,0.8439716279701455,0.8020535968332897,0.2934175177014691,0.1572695408215809,0.781054068809472,0.6992891617760225,2
0.5555786556060373,0.2059251817307078,0.3654294434976987,0.3906664252775484,0.7964276564494432,0.8400611069802156,0.3886042393885829,0.1368384844795748,0.5716441792351646,0.1653488525802019,0.5579616657290921,0.1767435806575043,0.2326401639933665,0.8518162625381496,0.8904240658124952,0.7031517303747588,0.3897673027805829,0.2142889340926957,0.8816347434738813,0.7344538285818556,2
0.601806225921115,0.1177416369569129,0.4252938457197587,0.4030944093393279,0.991085877396374,0.7559713569811195,0.2946982236097705,0.2243935214542148,0.6550640240532033,0.1388248389082692,0.5946981860536545,0.0838112486932742,0.1185639383601682,0.8921642435385457,0.7905089985979987,0.7329672407788528,0.3825509173336318,0.1221310323283542,0.9383995447664856,0.8957700478163887,2
0.3916015171320793,0.905408485285484,0.7864631767989501,0.6637563574596345,0.1843806258285689,0.2347194419317024,0.2970685080369136,0.7359275490952621,0.5893251883481879,0.7054494348579171,0.1737238436680616,0.848161379843415,0.7600817104111562,0.1121680170936514,0.0625453996226443,0.0995609994933247,0.3011141938848248,0.7573735855560318,0.6019131169971353,0.559769434251638,1
0.4510929821934574,0.908752501719989,0.7943152595590888,0.700148961452405,0.2699847509878897,0.1813100391626486,0.1721813623103333,0.8487152956703916,0.6608575993380681,0.6261727783989737,0.058201738786271,0.8625111750861831,0.7461533367306822,0.1174478817881063,0.1846508964328791,0.1218238794673878,0.351816386483445,0.8149844365768232,0.6462407727700242,0.3448544894001816,1
0.1716009450762364,0.4433707033506725,0.0812862730595538,0.9763697124491488,0.5191044144783565,0.7562799567698171,0.4841364254301528,0.2704004841526183,0.6537279572562945,0.2352899830628595,0.8958011949757261,0.6281621315209538,0.8298794516449457,0.759257224535046,0.573172726193178,0.7429801897810608,0.110912272243822,0.1225078740274969,0.1709110016388776,0.5540994566473773,0
0.3626571028107109,0.8200166173535994,0.6569226049508554,0.6090900438129655,0.4594715234358982,0.2021857623590796,0.169374199603517,0.742622214850206,0.6132573967927323,0.6692194498348962,0.0611808319508376,0.9223441979510824,0.8048390542023732,0.1514979278155403,0.1410476704639256,0.1442928208978442,0.3838967867610248,0.8600619526583775,0.5849721926003277,0.4808280375044043,1
0.164932824183638,0.4338715055318901,0.1488487511930603,0.9116589739465631,0.3756145170995166,0.7408026509976909,0.4726567738324039,0.3189684699091839,0.6089022773890669,0.2507546883861971,0.8245792980330252,0.8052106957908567,0.8070950087698721,0.8691528237587595,0.533777100400717,0.8113040567706434,0.1219760085408981,0.3359837024954483,0.2807329183626026,0.5350580937345716,0
0.4938056060742281,0.1692056496257284,0.4529859899644389,0.3855062319598619,0.7929377519234329,0.8620134429135632,0.2961345164276886,0.2042475459691123,0.5894496562728901,0.0985638546449946,0.6333551088500207,0.1589216827536882,0.1790999413470355,0.9167946594759192,0.8463212451477093,0.7201866524866756,0.3209231233064384,0.1967267046144584,0.8035342531952248,0.7420294801307789,2
0.4501009272087501,0.2474592368651393,0.9065191159735724,0.4086066061326796,0.3128853885061781,0.5303603944663002,0.2565180666972937,0.7506678610949356,0.1497662315097713,0.822485449579306,0.7106436845565776,0.2517828971124463,0.1240555935089873,0.7231530450740223,0.6353298364232497,0.7162374768490012,0.8109338076578048,0.2031497759981892,0.5130408496427719,0.3032663687167884,5
0.0966639234465747,0.4144901030471878,0.0923762133870938,0.8928143263198824,0.4510816597677528,0.6857716303464154,0.5006807701257521,0.2177656264832939,0.5183061343201196,0.2451955716711448,0.9529596281678384,0.7081429621266925,0.8497245616277119,0.7423452084580776,0.5038992434804086,0.8797045425277638,0.1056782411779441,0.2191942760073159,0.1733616886677959,0.7130875229652577,0
0.4852802773830186,0.3017345380788465,0.9305117177172632,0.3705536390587912,0.5649100066108863,0.5590305153859251,0.26981170782081,0.7863202432368274,0.0777954879736309,0.8762677346682811,0.7351199963432032,0.1811565824867377,0.1013527778918935,0.840322726829728,0.5554420153645393,0.7519766320921738,0.8990955947139211,0.2926252009859268,0.4500014078510566,0.169833747122874,3
0.3666631335610046,0.2757624858940797,0.8455375506324745,0.4061854658840266,0.6213223437912133,0.6319731988567485,0.2910920689606894,0.6268398059527087,0.1606949680186754,0.7980491874983177,0.7063752932329507,0.1891422868622814,0.1496203043460194,0.7695952380258853,0.6243912579325476,0.6625121780356131,0.8621835712154773,0.095390817161561,0.4858780068325085,0.2465728393044775,3
0.3624151779164691,0.8239765868317385,0.8071810410857088,0.5858714512708147,0.4380322813133702,0.221217224923277,0.1857226574957726,0.8405149414270776,0.6662508610761092,0.6240816687390567,0.0716347889208485,0.8745619653906694,0.8136962281013392,0.1243857287172112,0.0532952756243259,0.1139975681388007,0.3443835303682988,0.8143755568865184,0.7018882780494756,0.4160152133826843,1
0.6487307918584675,0.106001671904008,0.3276870799653583,0.4087716033214367,0.9034505611916444,0.8809623642905464,0.3339540463689677,0.2318067573882731,0.6245589812862657,0.1336267278811823,0.5398284252815228,0.1360772426414206,0.1228469527064754,0.8792175584629182,0.8324634117077256,0.8795459070212498,0.3489020430934503,0.0963902978437214,0.8529829366646279,0.8260422986773107,2
0.4087385071512829,0.3236087893342307,0.8670000250072804,0.3317051114498175,0.5735689940657778,0.661453411368079,0.3086775905605025,0.6543160759843304,0.1794905559238088,1.0,0.7176590396141097,0.0996348306845959,0.0939393943006714,0.7687751256841017,0.5419405622097313,0.6872367096355954,0.8518620774161366,0.2762625790447241,0.596246350694545,0.3146454973538569,3
0.6411717076076299,0.1179388237157055,0.3607148673530459,0.3943008060448046,0.7633596924250569,0.8477064390549613,0.2659724078833842,0.3008988958961068,0.521522834986514,0.1425765212300385,0.5694399004205577,0.0808424231790184,0.1745639639447632,0.7962875642184029,0.8603586906841099,0.6858145448911407,0.3793769165333219,0.1329346684621083,0.838179696829934,0.8130638515591206,2
0.7509617200889872,0.5704653589696486,0.4188858400188533,0.1059837503838775,0.5963475829507082,0.2934336412982584,0.8976087259133324,0.370564479574988,0.9278148631909392,0.4350047306334736,0.1787741082291541,0.6794674423155888,0.6806701398837213,0.4834537422795116,0.5893528516233388,0.3976759467222489,0.6007697721172165,0.601608630315806,0.1689786402052483,0.26527438243548,4
0.0957310988092834,0.4380158285493853,0.1222902412225626,0.8480012719469198,0.4666146986637594,0.7621285642420806,0.4680137067866193,0.0934928906018844,0.6085174964985405,0.2720151584588854,0.9086112584437132,0.7099815395849663,0.871684970866839,0.8684045190163858,0.6046077458306106,0.8192365072554957,0.1845518915973716,0.3330273243994785,0.207946965653665,0.4721112726451996,0
0.3692610373993366,0.2497478088923695,0.8405943781715725,0.4057744947872571,0.6958788725581021,0.5380526486039034,0.2489772746382588,0.6538362458803717,0.0933613164251199,0.9066780440350104,0.6181793387112433,0.1333907009684544,0.1551125460895873,0.7217809575626493,0.5780648497087839,0.7011680951841127,0.8827470752487467,0.1800292671166938,0.4865777962916626,0.2864624406410055,3
0.0594843606542705,0.449896060095189,0.1888992579134375,0.8704155527782959,0.398301048584009,0.6822364631530903,0.444823785142457,0.1919625871251518,0.5854339583538528,0.242127879680353,0.9041875753511672,0.6424148129012702,0.8463817214517043,0.8091227296470703,0.537301878772453,0.8301498324448957,0.1766985541401298,0.4275088959109235,0.167326176212594,0.5584162349694214,0
0.2427923388266058,0.4102968653510287,0.1141998946676751,0.8448103088590455,0.5738966498408173,0.6825858407637649,0.3653912323023448,0.2820533993626737,0.6413150813590854,0.266431674204339,0.8798490359023962,0.7126651517008457,0.9207082635265096,0.7697968130967753,0.5078250763333364,0.851844265723663,0.0674895177107091,0.3193125242354057,0.2743429134551648,0.639894072756068,0
0.8471931523900604,0.6094624925778486,0.4288308478556312,0.1408080874336548,0.541108621460306,0.3809905354474077,0.8411085189870352,0.5359171668346384,0.779016059925971,0.5159006292962501,0.1821820908061364,0.6781687996576664,0.7332739188898734,0.4933266211287578,0.7002696960289609,0.4900476846206882,0.5628265070354378,0.7464539898175894,0.1411124706765005,0.2296518895664955,4
0.8684844846386468,0.6049288906700218,0.3987266116063389,0.1284440994731321,0.6269023375263931,0.3498166125480044,0.9639848539102216,0.4600938256687966,0.8464589382920663,0.439854703032731,0.1579939662967893,0.6911325829362355,0.7039211893743034,0.4372663472996675,0.6924020483511181,0.442538865596542,0.5932639979687285,0.8090631764642104,0.2461414165455776,0.2261408974528576,4
0.6256743757136123,0.1467054271927353,0.3878958759457249,0.3224411230421653,0.7626429766232953,0.9462252189806668,0.2874427403472863,0.1733449884110196,0.584376777855726,0.0763646191567087,0.4901577309379854,0.1216771794822937,0.1696638810804919,0.8686451829564177,0.849251796935636,0.7587984140256753,0.3996141699366745,0.1853735257371518,0.8321005257557892,0.7671894366522087,2
0.3923216282791327,0.8145225634717688,0.821130015029912,0.6081404833943256,0.1816745432803707,0.2183349081811436,0.1340149091638872,0.6498487947190555,0.5411198022501683,0.67017342075889,0.0560599923983591,0.9527700091673066,0.695463077210475,0.2091962948524987,0.1344108436369993,0.1400920597041031,0.3251275526156874,0.8442003351040535,0.5986698337553769,0.6292733702063367,1
0.357865153945385,0.8612534232185591,0.758585128190814,0.5523209140563221,0.1650091967286139,0.1844386440277458,0.1911092134287592,0.7726779812161644,0.5644787086626503,0.6418625690814104,0.0190654274036285,0.8789601110692734,0.833718574745715,0.042438319452383,0.093222662173947,0.1559338450583596,0.4146821671239333,0.7757970155172346,0.5663812790936549,0.3678532842213259,1
0.1537730789290349,0.3808331616267335,0.1227746780624518,0.8507470566399449,0.4466716549547861,0.6537691984502859,0.3770068593579174,0.3568405076630629,0.610695261374967,0.2349967728763961,0.8796393340044383,0.6788311019577692,0.8871821634561646,0.7806704571142807,0.5619471661663549,0.8599887632649097,0.1090576452856591,0.342690797936336,0.1865706832527209,0.630611705178795,0
0.5883651342249179,0.0688769609356271,0.3280482931394516,0.3917597355282058,0.8576145219349809,0.8472205204266833,0.3653138713447475,0.3306583820011726,0.6554887746056604,0.14385340028978,0.5816198451136624,0.0893723717979789,0.1957530880471156,0.9591025557652076,0.8723704856977688,0.8508201793155058,0.2773408577993096,0.1222286401445116,0.905422255198687,0.8140284145967572,2
0.6610126493802526,0.1058737741464658,0.3802465840341617,0.3532886586961466,0.6879920281623508,0.8124882141184169,0.2768653435484666,0.1769375160980678,0.5917611384810908,0.155540164022246,0.5709675166938866,0.0652102664081836,0.211494007719986,0.8319284594017728,0.8580277599270254,0.7837349494473868,0.3626904721663166,0.2726063978440468,0.8807650553977268,0.7114495078043006,2
0.3667434379629669,0.3052392263897041,0.9057037370032548,0.4075016344076406,0.470025784526154,0.5265402909231889,0.1440126920795773,0.5801589428935204,0.1107419495049412,0.9147025018375518,0.7148279273431062,0.137444881995554,0.0806447315699344,0.7718388323175643,0.6731493680929609,0.7313722808527041,0.865818852991614,0.0559175736022546,0.5161522418942375,0.4061876592836361,3
0.0365464028470279,0.4377894643094036,0.135471889989763,0.929467073203688,0.3675199380226281,0.6943555673609043,0.4101417540975031,0.2426668039465298,0.6213814150626977,0.2054881986031074,0.9141460054595067,0.6516765055114225,0.8282170253386947,0.8573249932684388,0.560685871312838,0.9071615133467718,0.0565977877631819,0.3059910062859118,0.2513849278343054,0.5947136836451177,0
0.5695026177960961,0.1636356417157285,0.2960862341082334,0.4120669559277388,0.9870035027094493,0.899718345484896,0.4103723760470463,0.2570060139411646,0.654820412127152,0.0962369688804302,0.5546798574535041,0.007511741171491,0.2172911109990602,0.951740479709304,0.8276396637194164,0.7478186072770182,0.3092107123516481,0.2240560166607084,0.9159371230206012,0.6388030818577505,2
0.3933427648704853,0.2946937842826015,0.8580390928950599,0.4592647167283145,0.432824141405509,0.4772488766144111,0.2438192457281465,0.595962148825039,0.1166014376940101,0.8592687492450474,0.7647201241938867,0.1969664890144598,0.1327994869635047,0.7344160832100531,0.5664367685983406,0.5754317910108345,0.8428520502371625,0.2179518199470965,0.5271839411071575,0.2014885427679253,5
0.8069851126028174,0.557909751979215,0.381601244213953,0.1318216052296184,0.564514964276919,0.3350540044438606,0.8322786144690668,0.2989249211688169,0.991551719891316,0.4198966211119103,0.1710363795323148,0.6619465134239126,0.7339068227522154,0.4985763697932051,0.6537536117939827,0.4651426785070235,0.5838341455995859,0.6521444349204146,0.2053511609372899,0.3154340584946556,4
0.6919507178330202,0.1334435652489242,0.374755654736877,0.3258382610940585,0.5783602612906724,0.8947565951633013,0.3213206431308792,0.313878006094468,0.5436493092542916,0.1454470746040326,0.6579058884531768,0.1530355243523055,0.1787254066155792,0.8740020365938828,0.783925574952852,0.8185526975641267,0.3231397079423346,0.236925455713911,0.7769374004408486,0.6823061141807049,2
0.3836032382288072,0.2554459196685779,0.8997629063844603,0.3168530011350464,0.4506963494941186,0.579628125366887,0.213605777722567,0.7429025883605999,0.0809777120787814,0.8625460160254858,0.7256434213957554,0.2213050216446024,0.1195519271512988,0.7860045277200404,0.6446942933693401,0.6806330545137177,0.7800000781703089,0.0632529118483623,0.534123585429966,0.2024533006173346,5
0.8745490126177,0.6127761878301394,0.428529021814496,0.1779805751279635,0.4401616308165215,0.3951094577815458,0.8481438924340851,0.3411627701600142,0.8973303496476265,0.5132371330783134,0.2110907194052191,0.6315283995159736,0.7327781961812784,0.4816729153538112,0.6209973086096907,0.3877597954201071,0.5748020070726287,0.6717654446411101,0.1933697633068464,0.2842038481331284,4
0.0861775275092487,0.5659401786319418,0.1421821617862499,0.8918670456417699,0.5552402022857056,0.8118087815480292,0.4329723207276255,0.2585729097981936,0.5156826221618478,0.2285934085082183,0.8652684931915273,0.7001427322666379,0.8750234875700301,0.8524048875366927,0.5225470686202952,0.8124220993733654,0.0793731672045994,0.2989119230157502,0.20405980649407,0.6798943097075888,0
0.1690720772962944,0.5039887364111157,0.1458865743840537,0.8779468582386519,0.4913667503293467,0.7307148152749223,0.4493822649363511,0.1818679566124649,0.5390344987966049,0.2396371663860866,0.9736734850250736,0.706350294489922,0.8368161113186698,0.7759035055582743,0.4927368643749928,0.9776993061775658,0.1060738560007659,0.4049805237744532,0.1959961589685696,0.6162990437606632,0
0.3710775363691102,0.3113718550639421,0.993858471486223,0.3837527466590521,0.5410184106420661,0.5426438540806077,0.2573168509215993,0.6680223904872888,0.1228737312024089,0.966357470487964,0.7037852707776902,0.1874018586164012,0.0445940148106456,0.7554509073672208,0.666868180146511,0.6569722802391946,0.7030445289141493,0.1596675956475398,0.5346460307006101,0.303827711138371,3
0.7966946013290067,0.5793604280465294,0.386799649729123,0.2600393794782232,0.6254857531987613,0.3439873765744105,0.8791130702000173,0.4866855934057084,0.9174568830656812,0.3472634796541541,0.2212549834809868,0.6375288097162433,0.6652636481266493,0.5210646442087685,0.7796554378471128,0.4761708942991918,0.6342809453352222,0.8070410418368252,0.1510317313699312,0.0719829603905844,4
0.1134801386207759,0.517905519528935,0.1710096852075114,0.8970097019521721,0.3588502630908299,0.7599930724109135,0.5028195673056658,0.1442607598894362,0.5027176351011641,0.2454148566370381,0.8991734792549103,0.6770450224716271,0.8888055064195847,0.7825991949485291,0.4160034139388071,0.8463582814610092,0.1329208263921237,0.3196924135111686,0.1556189770116442,0.4437508980364371,0
0.407301733844725,0.2319881160453425,0.8996844398874244,0.3896952110365569,0.566261652925027,0.6571511187545598,0.2347704371924403,0.6605915940770607,0.1389876049711211,0.8947324577016185,0.7152547094719822,0.172051957325956,0.1090204503788346,0.7420808058659634,0.6743074786392216,0.7070490647206082,0.8739483063281505,0.2140041054527888,0.52371905417665,0.2687572043970849,3
0.4613868560859347,0.2437791705978725,0.8780746627035442,0.400697910940111,0.4937937551349307,0.5056098248991165,0.2616257630076243,0.5527182649952141,0.1440492065167083,0.7820048726984725,0.6364244271759126,0.202491506437294,0.101330915548089,0.6823486006102477,0.6767959944039901,0.6988924248478163,0.8834052141447537,0.1558003680745259,0.6619426452886572,0.1923374304172807,5
0.8939922211187336,0.678577072639611,0.3551775170106959,0.0777327592282324,0.5389767239195865,0.3858667806546936,0.8839571130161342,0.330803283324911,0.8706993823306879,0.4900509377850687,0.1724301318118316,0.6619501116717513,0.7649393747968503,0.4850614308415166,0.6716759006141209,0.4934484731517841,0.5381152521710648,0.6060607683924227,0.1801929313419973,0.1854800621032681,4
0.0438158246434515,0.4436714174158661,0.117996985412272,0.9548108435561508,0.3711243862114207,0.7427449957533022,0.4603370103814644,0.2341601271595678,0.6009385662581264,0.2061435752435091,0.8489081170819671,0.691240222619164,0.8386557706276211,0.8449283772170761,0.480549253814252,0.8808430996157297,0.1225203559367101,0.3548207550609243,0.1906038838006229,0.5689311877363324,0
0.1238810489669928,0.3925839054121727,0.1413991131883463,0.8340680529206919,0.4407220178283547,0.7287753229414181,0.4925193501434536,0.3634145932256303,0.4988103591225709,0.2317684792741832,0.864976967529246,0.7099137648291916,0.8675717741182994,0.7985939605429726,0.4959317105123445,0.8146161263762017,0.1816374798105653,0.36716767073066,0.2609344838824188,0.5710925902254868,0
0.8823890661595742,0.6060447599374114,0.3946920751312396,0.1688499449526994,0.5499124912966863,0.4438093978110616,0.8813880962686826,0.5155979703915878,0.9159974034708606,0.4926377595788472,0.1118706209419578,0.6758186958833257,0.7146998215323082,0.4519806148955826,0.6067900411807557,0.4541343758758429,0.5784785081572169,0.5800513876237678,0.1211715066385175,0.2717685264368832,4
0.8740820003846093,0.5804437119379087,0.3106422713396497,0.0860198554251434,0.5261053725653246,0.3474783772221453,0.8137939390153947,0.2969205292215773,0.8799483205306783,0.4063229500262448,0.123324350169897,0.6165550942693275,0.7035428852068191,0.4288443122504076,0.6422091388750605,0.4476526631198968,0.539065224924669,0.6766802987745242,0.1726069182769641,0.2384806969399277,4
0.462075803271569,0.2220002577661235,0.886010405059755,0.4084064535547102,0.4595419364075216,0.510357834494905,0.3079966539313183,0.7176625754242427,0.0991757902129817,0.8964901224689121,0.7314687288063274,0.1011967090534442,0.0883981017570652,0.7919237242401928,0.6293276578680433,0.6492710159467515,0.7915420443648903,0.1289308211526292,0.5092461681457916,0.1691656691316386,5
0.6241587830025607,0.1584680170658363,0.4077937269861087,0.410800427152758,0.9961555133898412,0.7687174704924711,0.2943668759633308,0.2094192740729574,0.6217999569507119,0.173592376509357,0.5813328238760116,0.0696775957394808,0.1995881205367052,0.9102989698979272,0.7617744068667093,0.7588688736618728,0.2705602794030506,0.1499705308047224,0.8111710085833063,0.8599998948960479,2
0.5896158687080332,0.1511975771343473,0.4500095110694682,0.4432628401812475,0.9441939994616604,0.8812832041936319,0.2918247353839573,0.2343642824471021,0.6161182174486561,0.087213614589262,0.5675619756678851,0.128029593358559,0.2264730004667,0.7668471751648741,0.9147542141517274,0.71135198874919,0.2766613780224795,0.2805193985904224,0.891396101605832,0.8912050607815055,2
0.0776831563454789,0.5266305167385609,0.0424812644808483,0.9996418682394388,0.3845042289265128,0.7168073625952489,0.3394908313815789,0.2264733421547068,0.5709146633242053,0.2345690526958403,0.8505896829858117,0.6485971379887304,0.911083542019674,0.8244762026994028,0.5824174292720642,0.8416289169040561,0.104609402147146,0.3967289858637203,0.1322262844859952,0.4953916758550715,0
0.3630948886870887,0.3573264242787328,0.8845881923142883,0.4365778842562968,0.4664122906647944,0.5667981968641992,0.3524381247854845,0.699583731982931,0.1936894557707086,0.8795169379891637,0.6794941277664057,0.1294444189087575,0.1211478583060992,0.7050047243708139,0.5601604436804463,0.7401188605653793,0.8082996483601107,0.1650163826534327,0.5420685820436116,0.195792925531186,5
0.9003881300686598,0.5958247964416304,0.4022802471986821,0.1849071029828552,0.6420058153683107,0.2699806937400088,0.8458824131711074,0.4014957612572108,0.8815880403892563,0.4518815753616416,0.2061779982993015,0.6810624142330283,0.7889871743145461,0.5055750868926635,0.6363052085224928,0.4382552846978181,0.5771038607421032,0.7101789797667496,0.2152765885600756,0.3992852763166686,4
0.6087789095870397,0.2137561724598274,0.3790974341839586,0.3861672930314075,0.7193011008385575,0.8299074711040627,0.2666912051844591,0.2299757706267955,0.5759495923001525,0.0658738328689709,0.6313955188249892,0.1131639841696162,0.1172360107023636,0.8615771474297945,0.8614778870553825,0.674300655218909,0.3682067190249922,0.1195670790168514,0.9460964807513492,0.8257407466401967,2
0.0574941000471209,0.4572026013657684,0.1322655943342905,0.9043426586952986,0.3208439396133032,0.6258844115772572,0.3954426198033386,0.2909715107821056,0.6348866133895781,0.2713569261206199,0.91899358083129,0.6841800071662831,0.7913448249256457,0.7909834674451657,0.500492428581829,0.8416728869945519,0.1295018969097297,0.3794352431895054,0.2573192884833943,0.5683350261423271,0
0.4027980762553987,0.2605466612231587,0.8828991158372533,0.428833865236553,0.4978288321225053,0.5455981049991921,0.2254634851724371,0.5520082293441594,0.0885638155629752,0.943836328033766,0.6843237029145299,0.1117254183294104,0.1308538882945259,0.7291801827903912,0.6042723209601774,0.7507025577220142,0.8675017786233095,0.1257259557449462,0.5068106673857367,0.1997048700232682,3
0.4205184764264524,0.8406963619654598,0.7550879421127646,0.5663653055542589,0.2721653897539905,0.2006081226057728,0.2020417157264317,0.8918701252928578,0.6104415043633997,0.6743361019302836,0.063744503927307,0.8556518537689144,0.8014340008363529,0.1610873174524413,0.1096452681386116,0.1436283696460173,0.2727954461617084,0.7851940677409235,0.651356770233856,0.5811398374889729,1
0.9049366211277532,0.6297485324427154,0.3794628046560823,0.0750148928098461,0.4852237591664659,0.3103857968153098,0.9045112927482952,0.4013867780715459,0.8392694543882623,0.5032226004104289,0.1979933957604741,0.6554673945362188,0.6528253723139749,0.3582130237746753,0.6052776506539101,0.4234748276146784,0.6058269808663986,0.5042711687426638,0.2730525302302838,0.2489566638808981,4
0.3925968158032788,0.8434923872595285,0.777881474737041,0.5366976732702834,0.1675750283046203,0.1355380231638412,0.1533218439327826,0.7699061743204597,0.5771366615955944,0.6934958776311662,0.1090101595124736,0.8711657762125935,0.7648594524257699,0.1265867398204353,0.1612535933142147,0.1035192117044523,0.3209465604996351,0.79168515023868,0.5327804935118456,0.4682380120004861,1
0.3663923934230816,0.8857661661321452,0.8261856076254886,0.6197207040598941,0.4068183477439951,0.1735564209535149,0.1551905378399517,0.6372826554103286,0.6012057233725248,0.636463187306121,0.1494339545152491,0.8922412270211103,0.7275818676944755,0.13038629576814,0.1571620704365653,0.2193152555816078,0.401232275410169,0.8642655896959966,0.6037990439136355,0.5728878894663851,1
0.8118600522968388,0.5319425745399481,0.4295440770033739,0.1492205304476208,0.6205810077584663,0.3687930961655883,0.8469632197870175,0.4164492988335028,0.8773812810024774,0.42716520463973,0.1467996019512887,0.6045904365783452,0.8012824428056637,0.4605571736369005,0.7337898322382161,0.4263100447925266,0.6261579926387895,0.7364074382546184,0.2403604667050546,0.2624589607018236,4
0.1472500340567042,0.4724271828161805,0.0424496040085733,0.8150268039457654,0.4592064916334623,0.7200195658391767,0.4187348554986321,0.0995886178269113,0.5834232461167518,0.2843572445635249,0.8832443312039663,0.6497162418150199,0.8654045815466449,0.751831798382591,0.5608841993221227,0.8734485979748299,0.0367886476452564,0.3141604253783451,0.2415693817249042,0.5647771479291179,0
0.0837579125351331,0.4109334790188437,0.1194835736835563,0.895359833473637,0.4331816929819604,0.7138744302980782,0.5788213120374617,0.1258841717441554,0.4670358129256693,0.2472362281023069,0.8583784082695993,0.7056095656486755,0.8842499853672428,0.8813900106681727,0.4432116026405233,0.843748661834684,0.1545352790419397,0.3976218146907648,0.3265753148693411,0.6686455819345861,0
0.4060225812407075,0.2431317548136266,0.845443046150213,0.4520093001405105,0.3681835049598308,0.528683799046846,0.2576267743841199,0.6028487590711512,0.084472667109438,0.8717836083744464,0.6534368038222967,0.1172599408297123,0.2028749991433913,0.760684943177776,0.5764475559396973,0.701100425184874,0.8704418394991857,0.2376808131798232,0.5264443003968903,0.3236444224147612,5
0.391918334151739,0.2915011718907332,0.954944159254519,0.4315913035683835,0.5873370138300604,0.5843726518735266,0.2169668484540142,0.6572673445975123,0.097658079037745,0.9284342106220878,0.7463881274206118,0.1898719844369523,0.1697844688155191,0.6312384518800113,0.6413517583796596,0.6162047222488473,0.834844598268736,0.1424952105567571,0.5646226247716539,0.2576194984628416,3
0.7537710722764205,0.57112613347674,0.3275306113800388,0.1228909880117637,0.534033016744836,0.403716397274124,0.8094524241698687,0.4794983683329645,0.8771509573589846,0.5014234275409026,0.1684939348956899,0.5787063997970956,0.6701445933427097,0.4122185548647984,0.6905137166287024,0.522456122412797,0.5496569578002576,0.7176135965217959,0.113053635332664,0.2475766838553901,4
0.8188889593285731,0.6337415170381426,0.4589752606233057,0.0664757097771123,0.6126956108746877,0.3895277403019848,0.9613604202439836,0.441540623462113,0.8738407381280676,0.5049661268947394,0.2188158036766064,0.7300553059482437,0.7570417568527664,0.4850461302293019,0.6190473668934418,0.4209881407139505,0.5042408355419092,0.6549092353739647,0.2383931382136931,0.2360963253938841,4
0.4016208878580145,0.2384860233631692,0.923779731884572,0.3341003283223615,0.4318644441138828,0.6026575822937291,0.2665191525526676,0.7189544513550062,0.0596886921651211,0.9327941198012324,0.7349923460642305,0.223643149303992,0.1567413229421728,0.7387980796277448,0.5537185986287465,0.6538424508707612,0.9155702172720408,0.2608309935979604,0.4977341850888167,0.0060506842867743,5
0.7933513232093569,0.6003464414780397,0.4265281965424147,0.118096652854169,0.5923188167674374,0.2440894274839787,0.8432696497930698,0.3965519507776747,0.8230323113799496,0.3930609973076804,0.1787078392431734,0.6637902490484976,0.7696644810730464,0.4485770632437362,0.7115751650687182,0.4783786275335303,0.6394041973933507,0.6529875860871601,0.1010310843703527,0.240624316375225,4
0.0902768506731824,0.4974241960209,0.0373991441442673,0.9150138306348464,0.3722915376632376,0.6744761957490977,0.3703085450831782,0.1906338359989231,0.6095168142871797,0.2324414407499129,0.9004879124931372,0.7677270918069439,0.8736432649531864,0.7863705226222459,0.5391098443523575,0.8416274006207372,0.103299157061119,0.2234949819140486,0.2611104993515232,0.5616671501532361,0
0.8187640871113,0.5751241212737762,0.3355082370184262,0.1470893242201572,0.3073008008986051,0.3420611273826834,0.8528231471866184,0.4902448900136728,0.9538822849852456,0.4526785087740626,0.2489408497015856,0.6174308066419173,0.6847044383029545,0.568027538522703,0.6962456940707911,0.45004171123456,0.6130756733310183,0.685734977136391,0.1915625035706464,0.1251415380947683,4
0.3302339470958419,0.83278666055455,0.791256599163295,0.6110887292341167,0.0270677325738521,0.0460307804526692,0.1402620407808617,0.7950560653527186,0.4849618920700702,0.6292822778909564,0.0855123762532856,0.934823337066146,0.7610094887434802,0.140010833732907,0.1343159395707312,0.042543095112468,0.3969455726411709,0.8295853407475483,0.6286886790254788,0.8661938205831781,1
0.3488968000420382,0.2742758162155776,0.9091174997044136,0.3956341875836694,0.4345210259092645,0.5930266011550605,0.2994485383672481,0.5745330163459305,0.1423927024525349,0.9198828993272452,0.7366256289619484,0.1620139412174829,0.1452045287484396,0.7593433755827113,0.6496546462043888,0.582763589693566,0.7551434882172091,0.2408196341083107,0.4545806664512432,0.279796461173495,5
0.5066822616825859,0.2464510962084691,0.3737179530446022,0.4237360876561802,0.8025109695610305,0.8123962550314261,0.3116620751863533,0.0973032167155417,0.7096105539646581,0.0765892552221009,0.5399604202302632,0.1149486215997487,0.2189526139701855,0.8781110272616648,0.7959528019994645,0.8176833233776738,0.3889137422325971,0.2374228702760717,0.8962887856789366,0.9835650841284714,2
0.3376546294377182,0.8415815639868495,0.7735144302255285,0.5951656249023325,0.041024763366503,0.2015594920819435,0.1148795581438298,0.7821668881579178,0.708043503928611,0.6072206784194946,0.0110405819113792,0.8596335349351201,0.8236275630611946,0.2239132217717297,0.0668098151533712,0.1689280768112159,0.32896032517088,0.8146743241349487,0.7391465152105122,0.4065979669488167,1
0.5624707426719573,0.1848476973558946,0.3363411460214143,0.3604105718248868,0.8298532166254147,0.7031290365329197,0.230581325642269,0.2051323514526542,0.6097687047345781,0.1095345471613531,0.5216752951321894,0.0991036641398326,0.1810051009098959,0.9048473328121344,0.8565931154504256,0.8180996399839026,0.3711806207256355,0.147781799439291,0.8426241899860616,0.6699193429126452,2
0.8532229885375384,0.5799438202275358,0.3245020134867196,0.1319476175980839,0.4830743915158863,0.3449671170966616,0.925021560762463,0.5240990743302207,0.9187075553907408,0.4289873970344077,0.20283255720009,0.6376843420257039,0.6680194624930141,0.4971085585370323,0.7642251818098198,0.4533339641032582,0.4988945057954772,0.6759939630157306,0.1372210935911308,0.3022046086165709,4
0.1065127900966197,0.436685965146953,0.1025818491504318,0.8819240912618207,0.4809239710758279,0.7372901987435035,0.4745055766854491,0.3216388469501082,0.6487678755217376,0.2367108431395642,0.9148766700397648,0.6744969497393563,0.9080042518010948,0.8727068571010813,0.5599533338318461,0.8725985988777326,0.0943406616108217,0.2323029460582443,0.2132766337808339,0.7210927039976769,0
0.4184330178246533,0.8126609374293667,0.7896417291716562,0.6647889980397849,0.2342645489832215,0.3159275889956272,0.0826867094864403,0.8392561427954166,0.6061491752777587,0.6801759316984449,0.1300952163776374,0.8336551865133344,0.7840733589146129,0.0235792342364939,0.1516692378813642,0.1618661709898725,0.3843757882507836,0.8875945917412562,0.6222697058750387,0.5452279498120783,1
0.8655451603918428,0.529790006133164,0.3612058933779865,0.1880368341972031,0.444532325361419,0.3510072533660932,0.8760624225379287,0.4444017715424325,0.8408277357272748,0.4628387471756343,0.1948033081687469,0.641605442988122,0.723137371103132,0.4948854676042558,0.7774464675887212,0.5772588436530875,0.5484489468843619,0.5052615724887868,0.224638281752009,0.2461400416426958,4
0.7198962934633538,0.2089760310668136,0.3929065798557965,0.4111116816175283,0.901359197274699,0.877551173830357,0.3235777743315617,0.1966425409860239,0.6035140882638994,0.0,0.5906523701028936,0.1119663716077419,0.2325372235656518,0.8740518173147078,0.8005634148917344,0.7568350802138284,0.2959761513416243,0.2297521421195814,0.8755767985836573,0.8676874797593039,2
0.5589228069698527,0.1623912866563787,0.3150368296627548,0.3686558472824549,0.7621809449416791,0.7735732223566781,0.2732940515748524,0.2725367991691705,0.546982130519637,0.060187957827491,0.5559856287133396,0.1695634896570014,0.1566303833150687,0.8498351878370086,0.8580415911044335,0.6722153903956037,0.3749148436658703,0.2228658824987161,0.8375501970802979,0.8773874711465877,2
0.3968997115887753,0.9282053918476852,0.8044937499805431,0.5469177349020877,0.3328917662091994,0.1035825020070969,0.1537007510167422,0.7790887790442672,0.7051053371491858,0.7714578825539358,0.1392304669148261,0.8635249214442499,0.7973427047437204,0.161985888573179,0.1073649761745554,0.2317679972006304,0.3629986559810978,0.8465265647585292,0.6346813108020664,0.5672085668274917,1
0.8348735690282051,0.5382548066035537,0.4758140217799135,0.0895295775038805,0.5486032645461398,0.3150990686783478,0.8899143014965282,0.4431437939143517,0.8121311688977293,0.461496774873006,0.2365076789582391,0.7192146793348538,0.7132559656073257,0.4828575388132813,0.7831480782223799,0.5025973840238961,0.544762945968583,0.631395548855406,0.2431616773292111,0.1328884482596292,4
0.1897035014472783,0.4734710781703091,0.0891626677822841,0.935290250675125,0.3440663913311862,0.7168946552797507,0.4335887465862912,0.2930724754468707,0.491645194893781,0.2017952674222222,0.8105512757242122,0.6806049413032494,0.9112047882705409,0.7965108521042618,0.4893302047771481,0.9134238660900488,0.1875982054274714,0.3321216026954841,0.2465281337554876,0.5010050279557289,0
